#hostname	latitude	longitude	rtt[ms]
1001079	51.9515	-0.2795	12.830644
1001079	51.9515	-0.2795	11.696595
1000316	44.9005	-0.7225	12.276407
1000316	44.9005	-0.7225	11.898815
1000338	45.3315	9.2085	5.853325
1000338	45.3315	9.2085	1.076669
1000360	48.2875	25.9405	9.545557
1000360	48.2875	25.9405	9.489172
1000376	50.1105	8.6805	10.017119
1000376	50.1105	8.6805	8.184261
1000438	38.7615	-9.1615	7.616726
1000438	38.7615	-9.1615	6.590155
1000446	53.8505	27.6395	18.949996
1000446	53.8505	27.6395	18.611977
1000467	48.2505	12.5205	24.948447
1000467	48.2505	12.5205	23.219315
1000559	42.6915	23.3395	0.833677
1000559	42.6915	23.3395	0.798772
10006	52.2205	0.1575	7.932955
10006	52.2205	0.1575	7.849375
1000609	50.4815	12.3275	6.104927
1000609	50.4815	12.3275	5.93516
1000621	50.6475	2.9885	2.486467
1000621	50.6475	2.9885	2.389842
1000714	50.6095	7.8575	14.209226
1000714	50.6095	7.8575	13.426478
1000720	48.1375	11.5785	0.781778
1000720	48.1375	11.5785	0.798309
1000795	43.6395	7.0215	1396.233698
1000795	43.6395	7.0215	388.256614
1000897	48.6605	7.8215	8.347944
1000897	48.6605	7.8215	8.811377
1000902	60.3385	25.0275	17.386095
1000902	60.3385	25.0275	17.339944
1000907	40.3305	-7.8325	13.525516
1000907	40.3305	-7.8325	14.989515
1000948	50.8115	6.2595	11.28269
1000948	50.8115	6.2595	11.675995
1000983	52.5285	13.3215	1.394892
1000983	52.5285	13.3215	1.417409
1001001	41.2175	-8.5525	13.193295
1001001	41.2175	-8.5525	14.933109
1001010	38.6975	-9.4225	17.937406
1001010	38.6975	-9.4225	11.605999
1001120	53.3475	-6.2615	0.931273
1001120	53.3475	-6.2615	1.17204
1001260	38.6975	-9.4195	12.445962
1001260	38.6975	-9.4195	17.346146
1001288	37.0215	-7.9185	17.617998
1001288	37.0215	-7.9185	17.730036
1001296	38.8005	-9.3385	7.896999
1001296	38.8005	-9.3385	9.284554
1001325	49.8595	8.7985	14.449739
1001325	49.8595	8.7985	17.985869
1001347	48.7905	2.4095	1.051129
1001347	48.7905	2.4095	0.886726
1001374	40.6995	-7.2195	9.47374
1001374	40.6995	-7.2195	10.403851
1001406	46.5205	6.5975	10.320517
1001406	46.5205	6.5975	10.45679
1001420	50.9875	2.1285	5.403785
1001420	50.9875	2.1285	5.405765
1001445	50.8995	12.0695	21.122308
1001445	50.8995	12.0695	20.956183
1001660	59.6575	30.5305	3.29443
1001660	59.6575	30.5305	3.834626
1001682	37.0185	-7.9285	14.925184
1001682	37.0185	-7.9285	14.245073
1001691	41.1575	-8.6285	14.064888
1001691	41.1575	-8.6285	12.125999
1001711	38.6275	-9.1225	14.123777
1001711	38.6275	-9.1225	11.652405
1001729	38.7615	-9.2615	8.526852
1001729	38.7615	-9.2615	11.43511
1001734	41.2195	-8.5515	15.700701
1001734	41.2195	-8.5515	14.777851
1001758	49.9615	7.8695	10.727803
1001758	49.9615	7.8695	9.177448
1001780	54.6375	25.3115	1.02669
1001780	54.6375	25.3115	0.752156
1001782	53.4585	-2.2485	142.949222
1001782	53.4585	-2.2485	142.951148
1001783	52.7185	6.2015	7.784693
1001783	52.7185	6.2015	12.12616
1001788	52.7215	6.2015	12.283776
1001788	52.7215	6.2015	3.869039
1001843	38.7985	-9.3405	7.505741
1001843	38.7985	-9.3405	7.417148
1001869	52.4715	13.3705	0.941994
1001869	52.4715	13.3705	1.088183
1001886	48.5005	8.9915	30.898889
1001886	48.5005	8.9915	12.251852
1001906	41.1705	-8.6525	10.42074
1001906	41.1705	-8.6525	9.869036
1001920	38.7475	-9.1015	7.638999
1001920	38.7475	-9.1015	8.412
1001927	38.7905	-9.1015	7.790148
1001927	38.7905	-9.1015	11.466331
1001992	38.7485	-9.0985	8.276629
1001992	38.7485	-9.0985	8.061221
1002004	53.4595	-2.2525	6.437102
1002004	53.4595	-2.2525	6.45923
1002054	40.1995	-8.4105	18.287887
1002054	40.1995	-8.4105	13.736554
1002063	51.6085	7.0805	15.063912
1002063	51.6085	7.0805	14.524008
1002075	50.1095	8.6805	16.614353
1002075	50.1095	8.6805	15.807329
1002081	52.3675	4.9015	2.795879
1002081	52.3675	4.9015	1.158249
1002086	47.3805	8.5415	17.677886
1002086	47.3805	8.5415	17.476989
1002111	53.4575	-2.2525	6.522769
1002111	53.4575	-2.2525	6.434224
1002112	53.4585	-2.2525	6.234648
1002112	53.4585	-2.2525	9.637738
1002143	52.2485	5.9995	9.314926
1002143	52.2485	5.9995	9.904419
1002146	53.4605	-2.2505	6.381426
1002146	53.4605	-2.2505	6.369365
1002174	41.3695	2.0705	5.945394
1002174	41.3695	2.0705	1.042687
1002211	62.3875	17.3075	8.643482
1002211	62.3875	17.3075	8.61742
1002224	49.0095	12.1085	5.851231
1002224	49.0095	12.1085	5.734963
1002233	38.7585	-9.2815	9.151724
1002233	38.7585	-9.2815	8.464484
1002282	50.1185	8.7315	0.824076
1002282	50.1185	8.7315	0.902535
1002463	53.7085	10.3805	8.152148
1002463	53.7085	10.3805	8.191772
1002468	53.0015	6.5105	4.846546
1002468	53.0015	6.5105	4.62392
1002469	51.6215	4.7405	26.513178
1002469	51.6215	4.7405	37.59933
1002477	48.1505	16.3805	9.227372
1002477	48.1505	16.3805	9.660062
1002478	49.5715	16.0905	7.243593
1002478	49.5715	16.0905	5.615796
1002545	51.2495	5.5395	99.678403
1002545	51.2495	5.5395	14.165205
1002620	50.4575	14.9285	3.153297
1002620	50.4575	14.9285	3.098561
1002630	52.5975	8.2085	11.241635
1002630	52.5975	8.2085	11.016575
1002713	41.0085	28.9775	1.628915
1002713	41.0085	28.9775	1.458033
1002758	50.1615	16.3595	8.238157
1002758	50.1615	16.3595	8.271653
1002815	52.3895	4.8475	1.749852
1002815	52.3895	4.8475	1.590359
1002824	50.1195	8.6785	1.715815
1002824	50.1195	8.6785	1.01719
1002887	52.5405	5.7015	2.882647
1002887	52.5405	5.7015	2.600016
1002891	38.7575	-9.2785	16.0324
1002891	38.7575	-9.2785	17.384619
1002905	49.2595	7.0475	6.080924
1002905	49.2595	7.0475	5.979892
1002907	41.6805	15.3775	19.102578
1002907	41.6805	15.3775	18.664913
1002929	46.7515	33.3585	49.998307
1002929	46.7515	33.3585	50.046187
1002970	53.7775	9.5905	11.012094
1002970	53.7775	9.5905	10.989914
1002995	38.7695	-9.2885	10.342435
1002995	38.7695	-9.2885	9.795793
1003003	38.7285	-9.1425	9.112733
1003019	38.7915	-9.1925	9.602586
1003019	38.7915	-9.1925	9.142409
1003021	38.6175	-9.1915	12.276153
1003021	38.6175	-9.1915	11.212981
1003026	38.7305	-9.1415	12.643972
1003026	38.7305	-9.1415	8.931802
1003037	39.4005	-8.2215	11.0243
1003037	39.4005	-8.2215	8.634347
1003038	43.2215	27.9285	0.777785
1003038	43.2215	27.9285	0.927312
1003046	51.7805	14.3095	27.743375
1003046	51.7805	14.3095	25.964379
1003093	38.7385	16.5415	55.138096
1003093	38.7385	16.5415	40.613366
1003096	53.5505	10.0415	11.871303
1003096	53.5505	10.0415	5.553876
1003123	49.5385	8.5885	13.520819
1003123	49.5385	8.5885	12.368675
1003246	50.0605	14.4695	4.099051
1003246	50.0605	14.4695	1.689928
1003250	48.2275	16.3695	9.727221
1003250	48.2275	16.3695	9.635036
1003320	60.3375	25.0285	18.196376
1003320	60.3375	25.0285	18.205052
1003342	52.5185	13.3995	0.787821
1003342	52.5185	13.3995	5.751695
1003356	51.6105	-0.5005	3.558409
1003356	51.6105	-0.5005	3.659757
1003377	51.5105	-0.1295	2.500191
1003377	51.5105	-0.1295	2.471373
1003399	48.2115	16.3415	10.529684
1003399	48.2115	16.3415	10.529333
1003551	47.1775	-1.6205	13.872546
1003551	47.1775	-1.6205	13.94686
1003593	49.4585	11.1115	17.188816
1003593	49.4585	11.1115	14.181704
1003665	51.9995	4.3905	9.659093
1003665	51.9995	4.3905	9.73923
1003666	42.0205	14.5505	13.928094
1003666	42.0205	14.5505	13.102242
1003738	59.2615	18.0985	2.430672
1003738	59.2615	18.0985	1.765483
1003762	51.8585	5.7805	8.601311
1003762	51.8585	5.7805	8.344253
1003769	47.0515	7.6105	7.168002
1003769	47.0515	7.6105	7.033608
1003818	45.7415	4.2175	2.984344
1003818	45.7415	4.2175	2.925139
1003838	47.3715	8.0785	7.086539
1003838	47.3715	8.0785	6.979914
1003844	47.2095	7.7895	3.105786
1003844	47.2095	7.7895	2.998664
1003880	52.4375	4.8315	3.041265
1003880	52.4375	4.8315	4.906654
1003911	45.8275	3.1575	13.021971
1003911	45.8275	3.1575	13.053897
1003939	50.1115	8.6785	1.333835
1003939	50.1115	8.6785	1.327409
1003944	50.1095	8.6795	0.570694
1003944	50.1095	8.6795	0.576339
1003945	50.1095	8.6795	0.916736
1003945	50.1095	8.6795	0.940735
1003956	42.7005	23.3195	9.32903
1003956	42.7005	23.3195	0.477149
1003963	53.3485	-6.2595	1.367872
1003963	53.3485	-6.2595	1.320127
1004003	50.1285	14.4975	1.35897
1004003	50.1285	14.4975	1.298649
1004010	56.9475	24.0975	21.038084
1004010	56.9475	24.0975	20.993993
1004021	41.5475	2.1085	10.346826
1004021	41.5475	2.1085	10.520195
1004027	44.0705	12.5685	22.898367
1004027	44.0705	12.5685	21.228342
1004045	32.0695	34.7695	1.587935
1004045	32.0695	34.7695	0.443593
1004092	43.7285	10.8115	20.849652
1004092	43.7285	10.8115	19.738099
1004156	45.5605	8.0295	1.163145
1004156	45.5605	8.0295	1.297963
1004166	41.4005	2.1905	5.100444
1004166	41.4005	2.1905	3.501361
1004230	48.8075	2.1885	2.990284
1004230	48.8075	2.1885	2.865398
1004258	52.3815	4.8995	0.850228
1004258	52.3815	4.8995	0.894316
1004361	51.9575	5.5805	10.6609
1004361	51.9575	5.5805	7.943
1004425	47.3695	8.5685	5.808086
1004425	47.3695	8.5685	5.828287
1004449	53.7415	-1.5405	13.993847
1004449	53.7415	-1.5405	8.774412
1004663	45.4985	9.2005	3.734257
1004663	45.4985	9.2005	3.857465
1004671	52.0475	4.7205	3.145748
1004671	52.0475	4.7205	3.08178
1004691	45.6675	-0.9385	10.04552
1004691	45.6675	-0.9385	10.036519
1004700	49.2075	16.5975	16.086083
1004700	49.2075	16.5975	9.494506
1004701	45.9775	11.0975	32.20602
1004701	45.9775	11.0975	29.630623
1004702	55.7485	8.8975	13.521887
1004702	55.7485	8.8975	14.604015
1004817	35.5205	24.0175	29.728253
1004817	35.5205	24.0175	14.536407
1004820	40.9775	29.0985	53.314621
1004820	40.9775	29.0985	50.00303
1004830	49.3775	8.3785	13.10617
1004830	49.3775	8.3785	18.213378
1004832	50.0585	14.2985	2.531994
1004832	50.0585	14.2985	2.42611
1004844	49.1595	11.6295	20.306256
1004844	49.1595	11.6295	20.10923
1004851	53.7575	-1.4505	17.841983
1004851	53.7575	-1.4505	21.508536
1004881	49.4375	11.0215	4.068233
1004881	49.4375	11.0215	4.087579
1004887	48.7705	5.1715	10.169807
1004887	48.7705	5.1715	10.180596
1004894	51.7495	14.3215	11.503311
1004894	51.7495	14.3215	11.262633
1004895	48.8695	2.3315	12.985186
1004895	48.8695	2.3315	13.079952
1004942	45.1085	9.3595	9.2877
1004942	45.1085	9.3595	7.086733
1004945	34.6995	33.0595	64.229733
1004945	34.6995	33.0595	64.173447
1004946	48.2805	14.5795	8.943449
1004946	48.2805	14.5795	9.025333
1005006	39.9005	32.7775	51.654426
1005006	39.9005	32.7775	49.955647
1005027	51.5405	-0.6715	1.020826
1005027	51.5405	-0.6715	0.965552
1005038	50.1315	14.4485	3.188539
1005038	50.1315	14.4485	2.914353
1005041	50.0275	14.3095	12.997784
1005041	50.0275	14.3095	11.099152
1005049	47.0815	6.7995	8.725312
1005049	47.0815	6.7995	8.727069
1005058	51.5815	6.2495	10.214138
1005058	51.5815	6.2495	10.170467
1005064	51.6295	6.6505	19.746137
1005064	51.6295	6.6505	17.466686
1005092	52.2685	-9.7085	9.49694
1005092	52.2685	-9.7085	9.315054
1005098	48.9615	2.9515	3.880869
1005098	48.9615	2.9515	3.642427
1005104	52.1695	6.1375	20.553344
1005104	52.1695	6.1375	20.613434
1005105	50.8995	6.0675	9.047536
1005105	50.8995	6.0675	9.106551
1005107	52.4005	-0.7325	28.875925
1005107	52.4005	-0.7325	29.226031
1005121	50.5075	30.4985	6.35793
1005121	50.5075	30.4985	3.006236
1005226	51.4405	4.0785	10.515902
1005226	51.4405	4.0785	10.127454
1005247	40.4205	-3.6905	2.063678
1005247	40.4205	-3.6905	0.601158
1005248	50.1215	8.6795	3.031554
1005248	50.1215	8.6795	0.938802
1005267	51.2305	6.7705	1.21307
1005267	51.2305	6.7705	1.120393
1005285	51.9495	4.4915	15.213624
1005285	51.9495	4.4915	14.211021
1005292	49.4485	11.0815	4.315143
1005292	49.4485	11.0815	4.248123
1005339	55.7715	37.8585	5.347627
1005339	55.7715	37.8585	5.35065
1005357	40.4905	-3.6905	2.147247
1005357	40.4905	-3.6905	1.018511
1005364	43.6195	1.4405	20.471899
1005364	43.6195	1.4405	15.21389
1005365	48.0195	0.0105	6.691888
1005365	48.0195	0.0105	6.639803
1005378	50.8015	12.9105	20.24167
1005378	50.8015	12.9105	19.448533
1005383	52.3585	6.3815	11.024599
1005383	52.3585	6.3815	14.185358
10096	55.7505	37.5415	19.298026
10096	55.7505	37.5415	19.188847
10154	41.1395	22.4995	7.228204
10154	41.1395	22.4995	8.054945
10222	50.0785	14.4385	3.680252
10222	50.0785	14.4385	1.650965
10228	57.7915	38.4485	20.862212
10228	57.7915	38.4485	19.147803
10497	31.9705	34.7715	13.382776
10497	31.9705	34.7715	13.183827
10501	51.5075	-0.1325	3.643302
10501	51.5075	-0.1325	1.489668
10647	50.8405	15.0195	15.267533
10647	50.8405	15.0195	16.365924
10696	63.1005	21.5915	7.319575
10696	63.1005	21.5915	7.321614
10782	51.9585	5.9715	14.910072
10782	51.9585	5.9715	14.438704
10813	51.6685	-8.6025	22.194736
10813	51.6685	-8.6025	21.908056
10826	50.0005	8.8785	10.784012
10826	50.0005	8.8785	10.162475
10849	42.0715	20.4195	7.35047
10849	42.0715	20.4195	7.29233
10935	51.1095	17.0385	7.842521
10935	51.1095	17.0385	7.700857
11003	48.4485	22.7075	18.446611
11003	48.4485	22.7075	18.534165
11012	55.1685	30.2075	23.383024
11012	55.1685	30.2075	23.320477
11020	59.8475	30.3885	4.934562
11020	59.8475	30.3885	4.755607
11055	50.5295	30.5995	1.429193
11055	50.5295	30.5995	1.352397
11168	53.5715	-2.4095	12.354002
11168	53.5715	-2.4095	12.379881
11173	51.3885	-1.3095	6.244376
11173	51.3885	-1.3095	6.217815
11282	50.4985	30.4515	1.700821
11282	50.4985	30.4515	1.996514
11463	49.4785	8.4705	3.665665
11463	49.4785	8.4705	3.556384
11497	51.4805	5.6215	4.761208
11497	51.4805	5.6215	4.481178
11501	55.9575	37.4075	33.056815
11501	55.9575	37.4075	32.949661
11558	61.6315	7.2595	6.545638
11558	61.6315	7.2595	6.422398
11629	50.4415	30.6685	2.831872
11629	50.4415	30.6685	2.045314
11662	53.5985	10.0505	1.641908
11662	53.5985	10.0505	0.965784
11717	52.4505	13.4175	0.974706
11717	52.4505	13.4175	0.852797
11723	45.7985	15.9285	6.878285
11723	45.7985	15.9285	5.738675
11761	62.9175	27.6305	17.708441
11761	62.9175	27.6305	19.66172
11790	43.8275	1.3015	15.852048
11790	43.8275	1.3015	16.566064
11802	51.6085	-3.9825	6.416709
11802	51.6085	-3.9825	7.234736
11809	60.2615	24.8475	9.429292
11809	60.2615	24.8475	9.121802
12025	51.9295	-0.2415	8.747635
12025	51.9295	-0.2415	11.083641
12053	52.4085	-1.5205	5.802998
12053	52.4085	-1.5205	5.739827
12078	50.4515	30.4605	3.766757
12078	50.4515	30.4605	1.054
12277	52.2905	-1.5195	19.009524
12277	52.2905	-1.5195	17.351965
12370	45.8275	15.9805	26.467804
12370	45.8275	15.9805	26.927175
12462	45.6385	16.1205	41.284919
12462	45.6385	16.1205	58.275849
12576	50.6305	29.8705	3.736886
12576	50.6305	29.8705	2.349821
12602	50.4485	30.5075	1.276259
12602	50.4485	30.5075	1.099779
12626	48.8505	37.6085	8.164813
12626	48.8505	37.6085	8.132738
12716	49.2405	6.9975	5.874602
12716	49.2405	6.9975	5.846938
1275	50.0395	14.2605	6.990337
1275	50.0395	14.2605	2.514433
12765	52.2395	5.3605	6.784609
12765	52.2395	5.3605	6.806534
12774	47.2895	-1.8795	16.899425
12774	47.2895	-1.8795	16.60268
12794	59.8795	30.9915	15.709454
12794	59.8795	30.9915	15.567635
12796	51.2205	4.4215	14.110109
12796	51.2205	4.4215	14.764929
12830	57.3375	12.1485	5.758206
12830	57.3375	12.1485	7.599317
12847	52.5705	-0.2405	9.758237
12847	52.5705	-0.2405	10.385888
12983	38.7285	-9.1485	3.605918
12983	38.7285	-9.1485	3.448653
12998	47.4715	8.7615	7.864977
12998	47.4715	8.7615	7.808612
13002	52.0185	7.6675	7.981744
13002	52.0185	7.6675	7.125392
13083	53.6585	-1.8385	26.993107
13083	53.6585	-1.8385	26.917301
13188	46.2315	6.0815	11.178736
13188	46.2315	6.0815	11.658626
13297	55.7105	12.5215	1.436698
13297	55.7105	12.5215	1.236268
13339	53.4215	-7.9215	33.915688
13339	53.4215	-7.9215	32.896183
13358	52.1815	4.4995	12.826488
13358	52.1815	4.4995	11.385756
13370	47.5375	21.6105	43.364542
13370	47.5375	21.6105	43.233738
13407	47.2405	-1.5525	15.120335
13407	47.2405	-1.5525	14.786886
13410	49.9775	36.1475	6.873349
13410	49.9775	36.1475	7.804639
13413	48.8685	2.2175	2.633142
13413	48.8685	2.2175	2.511695
13415	51.5595	9.8475	20.892484
13415	51.5595	9.8475	19.669013
13441	52.2375	0.5795	9.98157
13441	52.2375	0.5795	10.688775
13443	48.2685	25.9395	9.672107
13443	48.2685	25.9395	9.447303
13452	44.9885	34.0895	35.364178
13452	44.9885	34.0895	35.304418
13476	52.1405	4.5205	4.932389
13476	52.1405	4.5205	4.755729
13593	46.3085	16.3415	1.942285
13593	46.3085	16.3415	1.816934
13907	49.7105	6.4575	2.238276
13907	49.7105	6.4575	2.45106
13955	49.3895	8.6695	3.346486
13955	49.3895	8.6695	3.465039
14084	51.0295	4.0715	11.32913
14084	51.0295	4.0715	11.811969
14129	47.5215	19.1685	2.238024
14129	47.5215	19.1685	2.339633
14292	45.4685	9.1915	2.150009
14292	45.4685	9.1915	1.449452
14294	51.4995	7.5515	15.674739
14294	51.4995	7.5515	18.00039
14306	55.7205	12.5475	3.660133
14306	55.7205	12.5475	1.104744
14314	56.9395	24.1975	299.425377
14314	56.9395	24.1975	435.631878
14328	51.4915	0.3185	14.129842
14328	51.4915	0.3185	13.927277
14525	49.8995	11.0285	17.042471
14525	49.8995	11.0285	15.732599
14631	51.0775	1.1685	6.07053
14631	51.0775	1.1685	4.923886
14694	52.5895	13.4315	18.458179
14694	52.5895	13.4315	16.886866
14716	51.1405	0.8775	23.898802
14716	51.1405	0.8775	23.684206
14737	47.3305	4.8285	16.487167
14737	47.3305	4.8285	17.374602
14785	53.3395	-6.2985	24.421406
14785	53.3395	-6.2985	53.405192
14866	40.5405	-3.6495	3.815592
14866	40.5405	-3.6495	4.479175
14873	50.2585	19.0205	9.54772
14873	50.2585	19.0205	9.501115
14895	51.9395	7.6415	12.313244
14895	51.9395	7.6415	11.759564
14983	51.0485	4.4615	16.861785
14983	51.0485	4.4615	10.526575
15165	36.9195	14.7305	33.099004
15165	36.9195	14.7305	33.17626
15430	46.1675	8.7985	7.656785
15430	46.1675	8.7985	7.5883
15464	45.1295	10.0205	6.818758
15464	45.1295	10.0205	21.362834
15637	50.5505	9.6685	11.520167
15637	50.5505	9.6685	10.604704
15641	43.5975	1.4395	15.771949
15641	43.5975	1.4395	15.804469
15668	45.2715	11.9405	20.772274
15668	45.2715	11.9405	20.467159
15747	48.8205	2.2695	3.3588
15747	48.8205	2.2695	2.765472
15812	51.2085	6.7775	6.581688
15812	51.2085	6.7775	6.464353
15873	41.9285	2.2605	5.736221
15873	41.9285	2.2605	5.544052
15988	47.2615	-1.5485	6.892794
15988	47.2615	-1.5485	6.823012
16051	37.9575	23.7195	5.565712
16051	37.9575	23.7195	5.960833
16063	53.3585	-6.2895	23.14661
16063	53.3585	-6.2895	19.679838
16152	49.0785	18.9295	36.368769
16152	49.0785	18.9295	36.230937
16227	42.7005	23.3185	2.784729
16227	42.7005	23.3185	2.650323
16286	51.0105	11.0015	22.061613
16286	51.0105	11.0015	21.812102
16302	51.2385	22.2975	6.31575
16302	51.2385	22.2975	5.68919
16329	49.9015	10.8885	20.344275
16329	49.9015	10.8885	16.323429
16611	47.4975	19.0375	26.305627
16611	47.4975	19.0375	25.989203
16715	50.1095	14.3675	29.432585
16715	50.1095	14.3675	32.725646
16789	51.3015	9.4915	44.774552
16789	51.3015	9.4915	44.275316
16847	52.5205	5.7195	2.853274
16847	52.5205	5.7195	2.18523
16962	49.3085	4.1705	21.178241
16962	49.3085	4.1705	21.172
17093	48.7985	2.0615	2.645123
17093	48.7985	2.0615	2.610463
17109	43.4215	1.2675	14.175662
17109	43.4215	1.2675	13.881304
17110	45.7375	4.8575	5.571355
17110	45.7375	4.8575	5.608855
17174	45.5695	5.9305	11.595832
17174	45.5695	5.9305	11.030634
17244	49.4395	1.0995	18.936537
17244	49.4395	1.0995	18.77841
17262	48.9585	-0.3995	11.420926
17262	48.9585	-0.3995	8.17971
17285	59.9295	30.4515	3.519591
17285	59.9295	30.4515	1.089248
17300	43.6875	7.2175	16.306853
17300	43.6875	7.2175	16.217121
17372	46.5185	6.6305	25.328474
17372	46.5185	6.6305	25.282387
17397	45.6505	0.1315	12.496188
17397	45.6505	0.1315	12.511281
17525	47.2095	-1.6515	11.862377
17525	47.2095	-1.6515	12.131788
17566	48.9005	2.3005	2.08668
17566	48.9005	2.3005	1.674336
17704	59.9795	30.3275	4.468758
17704	59.9795	30.3275	4.321941
17760	50.5075	30.5105	1.224118
17760	50.5075	30.5105	1.248093
17783	57.6185	39.8515	11.406646
17783	57.6185	39.8515	11.826591
17950	52.2175	6.0295	18.165412
17950	52.2175	6.0295	19.93193
17984	52.0895	5.2115	18.863335
17984	52.0895	5.2115	12.004083
18289	50.1015	3.6515	7.539882
18289	50.1015	3.6515	8.155678
18379	56.1415	8.9705	5.515247
18379	56.1415	8.9705	5.458697
18474	44.3795	7.5405	8.516154
18474	44.3795	7.5405	6.641995
18798	52.2815	4.7515	8.98557
18798	52.2815	4.7515	9.130875
18915	48.0795	-1.7125	7.275029
18915	48.0795	-1.7125	7.5759
19010	44.4875	11.2075	22.76739
19010	44.4875	11.2075	22.088155
19032	48.8085	2.3585	3.72648
19032	48.8085	2.3585	3.303366
19119	52.3915	4.9275	10.38206
19119	52.3915	4.9275	14.863638
19306	40.8305	17.3575	9.034323
19306	40.8305	17.3575	8.87901
19310	45.5275	11.5075	6.545617
19310	45.5275	11.5075	5.493253
19362	44.8385	10.9505	8.045721
19362	44.8385	10.9505	8.085291
19368	50.0215	15.2105	1.552341
19368	50.0215	15.2105	1.524617
19560	46.1975	6.2005	13.516688
19560	46.1975	6.2005	13.328748
19619	51.4315	-0.2125	13.743791
19619	51.4315	-0.2125	23.769268
19651	59.1975	17.9095	3.646815
19651	59.1975	17.9095	2.154386
19668	47.6915	16.5905	6.432039
19668	47.6915	16.5905	6.855201
19700	52.3675	4.5275	12.797161
19700	52.3675	4.5275	13.557486
19832	48.7785	9.1785	2.846865
19832	48.7785	9.1785	2.794821
19837	48.7805	9.1785	6.883607
19837	48.7805	9.1785	6.810021
19840	46.0575	14.5095	5.789996
19840	46.0575	14.5095	5.758506
19887	69.6505	18.9615	22.161044
19887	69.6505	18.9615	22.050628
20047	48.3605	-1.1905	8.425821
20047	48.3605	-1.1905	8.665398
20072	45.8185	8.8305	22.35741
20072	45.8185	8.8305	21.42703
20170	48.1875	16.3605	13.300333
20170	48.1875	16.3605	12.785231
20214	48.7795	7.5275	25.230518
20214	48.7795	7.5275	24.992985
20225	48.7795	2.2985	2.711409
20225	48.7795	2.2985	3.144538
20299	59.2015	9.6315	3.1461
20299	59.2015	9.6315	3.07194
20324	52.0095	5.0385	11.020745
20324	52.0095	5.0385	10.48471
20342	46.9485	7.4295	30.234626
20342	46.9485	7.4295	27.702702
20372	50.0785	14.4905	11.575649
20372	50.0785	14.4905	9.584934
20444	52.2195	0.1095	8.979103
20444	52.2195	0.1095	9.254572
20471	51.2175	6.9405	7.924323
20471	51.2175	6.9405	7.918639
20472	55.1085	36.6105	3.09769
20472	55.1085	36.6105	3.035339
20478	51.9215	4.4305	6.091454
20478	51.9215	4.4305	5.926888
20482	52.3585	4.9515	3.65787
20482	52.3585	4.9515	3.495304
20499	51.2015	6.7715	16.478177
20499	51.2015	6.7715	16.616652
20588	50.0715	14.3915	4.805432
20588	50.0715	14.3915	4.27389
20617	51.2605	4.4075	2.43028
20617	51.2605	4.4075	2.26305
20706	51.3905	0.1075	3.708
20706	51.3905	0.1075	2.498492
20715	50.1195	8.7375	8.637285
20715	50.1195	8.7375	8.892385
2083	51.6485	-0.0785	7.256066
2083	51.6485	-0.0785	2.029824
20874	59.3995	17.9605	1.731608
20874	59.3995	17.9605	1.683487
20904	55.9995	37.8675	1.846217
20904	55.9995	37.8675	1.701543
20919	43.0015	41.0175	45.881827
20919	43.0015	41.0175	45.852311
21229	46.2515	11.3385	47.006172
21229	46.2515	11.3385	46.44509
21274	46.0795	11.1305	22.068475
21274	46.0795	11.1305	22.119194
21390	48.5575	7.7915	13.045593
21390	48.5575	7.7915	12.680382
2147	51.8505	6.6395	18.378244
2147	51.8505	6.6395	17.839108
21483	47.8085	13.0215	20.057513
21483	47.8085	13.0215	20.614721
21500	50.4975	13.6275	3.583838
21500	50.4975	13.6275	2.760681
21588	46.0915	11.1215	5.256372
21588	46.0915	11.1215	5.11648
21665	40.4595	-3.6595	8.405546
21665	40.4595	-3.6595	8.385814
21720	52.8975	-2.5015	8.656686
21720	52.8975	-2.5015	6.83214
2175	55.6595	12.5005	7.820546
2175	55.6595	12.5005	4.071169
21750	41.3275	19.8195	58.737128
21750	41.3275	19.8195	57.60583
21783	41.3185	19.8215	18.907461
21783	41.3185	19.8215	11.922183
21799	45.0415	38.9915	31.774421
21799	45.0415	38.9915	32.094867
21831	52.2275	6.8885	3.726612
21831	52.2275	6.8885	3.733472
2189	53.8015	-1.5485	16.875268
2189	53.8015	-1.5485	7.842818
21966	44.5105	11.2505	27.223907
21966	44.5105	11.2505	91.51677
22198	48.8915	9.1815	2.906134
22198	48.8915	9.1815	2.662613
22237	46.8105	9.8385	12.905837
22237	46.8105	9.8385	12.719451
22294	47.8495	12.1215	3.711559
22294	47.8495	12.1215	1.359176
22295	47.7495	-3.3685	13.990086
22295	47.7495	-3.3685	13.469761
22305	46.0695	14.4875	3.718143
22305	46.0695	14.4875	3.614722
22370	48.8575	2.3605	2.199399
22370	48.8575	2.3605	2.101238
22402	53.4485	14.5375	12.939582
22402	53.4485	14.5375	12.802667
22507	53.0105	18.5975	23.464686
22507	53.0105	18.5975	23.465371
22585	49.9995	14.6715	4.059942
22585	49.9995	14.6715	4.232433
22806	41.2805	1.9875	3.343096
22806	41.2805	1.9875	2.989322
22872	48.8585	2.3805	0.686978
22872	48.8585	2.3805	0.630237
22890	52.3375	6.1115	3.909994
22890	52.3375	6.1115	3.984787
22945	47.4695	19.0495	14.886183
22945	47.4695	19.0495	14.901218
22952	47.1285	-0.1405	26.974455
22952	47.1285	-0.1405	26.896874
23076	56.9405	24.1205	0.997466
23076	56.9405	24.1205	0.78942
23172	49.7385	4.8505	10.858145
23172	49.7385	4.8505	10.663628
23223	57.7085	12.0185	7.183559
23223	57.7085	12.0185	6.292126
23318	38.8515	0.0075	16.223639
23318	38.8515	0.0075	15.899992
23426	52.1805	5.2985	9.103895
23426	52.1805	5.2985	8.230663
23726	53.4705	-2.3015	10.983509
23726	53.4705	-2.3015	10.922794
23835	48.9095	13.8685	9.195403
23835	48.9095	13.8685	9.867924
23886	47.5405	2.9915	14.524866
23886	47.5405	2.9915	15.212744
23928	52.4115	16.9185	5.075379
23928	52.4115	16.9185	4.930373
23930	52.0775	21.0085	37.699276
23930	52.0775	21.0085	37.551496
23937	52.6205	4.7585	2.54844
23937	52.6205	4.7585	2.245595
23973	55.7785	37.6105	3.800393
23973	55.7785	37.6105	1.036344
24089	51.3415	12.3715	11.192874
24089	51.3415	12.3715	11.34674
24101	51.4775	4.2675	7.001376
24101	51.4775	4.2675	7.181681
24180	55.0175	8.6615	7.666682
24180	55.0175	8.6615	7.321273
24196	49.3105	10.7515	11.568387
24196	49.3105	10.7515	11.412093
24221	45.1675	5.6885	7.42078
24221	45.1675	5.6885	7.00602
24288	47.9815	-4.0985	42.741868
24368	51.9215	4.6205	3.989231
24368	51.9215	4.6205	3.896855
24434	50.8395	5.6985	7.505842
24434	50.8395	5.6985	7.440367
24470	48.7875	2.1805	3.593382
24470	48.7875	2.1805	4.486293
24480	48.1875	16.3515	12.58926
24480	48.1875	16.3515	12.506905
24527	48.9005	2.2585	2.814225
24527	48.9005	2.2585	2.47102
24553	45.3185	8.8395	15.061995
24553	45.3185	8.8395	14.233534
24592	53.5485	10.0515	6.762074
24592	53.5485	10.0515	6.727149
24645	50.9795	5.8295	16.98872
24645	50.9795	5.8295	14.262664
24736	53.0005	-2.2915	11.455943
24736	53.0005	-2.2915	11.431752
24924	47.4995	19.0385	41.014197
24924	47.4995	19.0385	37.648063
24977	50.1105	8.6805	2.165134
24977	50.1105	8.6805	2.036839
25003	51.6985	39.1975	32.862384
25003	51.6985	39.1975	32.842065
25262	51.5685	8.8405	63.152305
25262	51.5685	8.8405	71.593229
25265	41.0595	28.9905	4.367539
25265	41.0595	28.9905	1.923792
25318	51.5015	-0.0125	1.033635
25318	51.5015	-0.0125	0.92671
25331	60.8675	26.7085	4.412331
25331	60.8675	26.7085	4.490306
25438	38.7715	-9.1015	7.842194
25438	38.7715	-9.1015	7.678319
25461	32.0375	34.7705	7.417515
25461	32.0375	34.7705	6.019275
25606	51.4805	11.9775	6.298748
25606	51.4805	11.9775	6.468719
25647	55.8405	37.3695	2.291707
25647	55.8405	37.3695	2.102207
25723	47.5385	7.9585	17.280178
25723	47.5385	7.9585	16.567698
25742	52.1785	21.1795	3.658111
25742	52.1785	21.1795	3.594606
25790	54.4975	9.1415	7.4228
25790	54.4975	9.1415	6.078127
25981	45.4475	8.6215	12.349557
25981	45.4475	8.6215	11.857601
26083	52.0485	4.5415	4.575015
26083	52.0485	4.5415	4.461461
26108	48.1215	-1.6825	7.617242
26108	48.1215	-1.6825	7.488863
26133	48.4285	17.7885	3.185514
26133	48.4285	17.7885	3.160589
2615	52.9695	9.8475	16.328451
2615	52.9695	9.8475	7.974914
26175	61.4695	23.7505	10.912004
26175	61.4695	23.7505	11.916177
26190	55.7775	37.6415	4.473924
26190	55.7775	37.6415	4.339738
26261	50.5375	14.0505	5.40526
26261	50.5375	14.0505	11.737206
26271	60.1675	24.7205	7.70408
26271	60.1675	24.7205	1.20221
26355	49.4695	11.0895	3.504891
26355	49.4695	11.0895	3.450246
26563	48.3885	-4.4895	9.838715
26563	48.3885	-4.4895	10.27705
26580	55.8075	37.6915	4.605548
26580	55.8075	37.6915	1.668173
26590	48.1975	16.4015	9.830937
26590	48.1975	16.4015	7.036798
26600	52.6775	5.6775	3.446094
26600	52.6775	5.6775	2.791512
26619	41.3915	2.1375	2.688245
26619	41.3915	2.1375	2.064615
26624	41.2695	14.9285	47.095399
26624	41.2695	14.9285	39.462993
26756	43.6805	6.9795	20.126559
26756	43.6805	6.9795	20.807869
26831	53.5975	14.7485	32.98907
26831	53.5975	14.7485	37.120846
26942	44.5785	10.8495	16.481127
26942	44.5785	10.8495	16.648151
26996	51.9405	4.2815	5.476592
26996	51.9405	4.2815	5.372733
27180	55.6575	37.5315	6.425753
27180	55.6575	37.5315	4.202945
27300	64.5675	39.8175	36.275615
27300	64.5675	39.8175	36.222775
27323	50.0185	19.9485	14.676622
27323	50.0185	19.9485	10.669867
27330	51.6575	7.1085	10.71461
27330	51.6575	7.1085	10.282405
27375	47.5895	19.1105	2.538924
27375	47.5895	19.1105	2.134195
27437	56.2005	37.9785	4.23751
27437	56.2005	37.9785	3.89942
27478	46.5615	15.6605	3.743788
27478	46.5615	15.6605	3.584744
27722	48.2685	4.0685	13.303848
27722	48.2685	4.0685	13.18741
27785	60.2395	25.1215	1.560858
27785	60.2395	25.1215	1.400532
27857	47.2305	8.6695	21.77392
27857	47.2305	8.6695	22.003783
27920	51.5275	-0.2715	4.151579
27920	51.5275	-0.2715	4.042249
27957	35.9105	14.4195	26.254224
27957	35.9105	14.4195	26.612845
28037	59.8905	30.3285	0.971286
28037	59.8905	30.3285	0.540835
28055	37.9395	23.7095	4.926253
28055	37.9395	23.7095	2.852235
28185	47.2395	-1.5585	7.655043
28185	47.2395	-1.5585	7.072219
28294	60.1595	24.9315	1.141592
28294	60.1595	24.9315	0.905187
28347	45.4605	9.0595	17.58681
28347	45.4605	9.0595	16.837495
28447	52.5005	4.9895	15.907005
28447	52.5005	4.9895	12.130561
28483	45.4385	10.9915	17.014942
28483	45.4385	10.9915	16.778461
28512	51.7085	5.3675	15.354384
28512	51.7085	5.3675	13.959664
28666	55.9405	37.5005	1.818292
28666	55.9405	37.5005	1.879897
28667	51.9205	4.4305	2.777996
28667	51.9205	4.4305	2.873161
28702	47.1085	9.5275	10.049638
28702	47.1085	9.5275	9.375122
28729	54.7915	9.4285	19.671512
28729	54.7915	9.4285	15.521738
28731	41.9875	21.4485	3.975495
28731	41.9875	21.4485	3.841333
28757	47.4005	8.5995	7.823267
28757	47.4005	8.5995	7.694636
28774	48.0295	16.3105	7.281289
28774	48.0295	16.3105	7.130378
2881	64.0575	-21.9685	15.832323
2881	64.0575	-21.9685	3.507457
28831	51.9175	-0.6615	21.267946
28831	51.9175	-0.6615	13.838563
28889	49.4715	1.1215	10.574506
28889	49.4715	1.1215	10.461181
28930	48.7775	2.0685	3.801798
28930	48.7775	2.0685	6.110535
2901	49.4275	15.2175	15.601155
2901	49.4275	15.2175	8.024066
29133	39.8885	32.7785	706.556415
29133	39.8885	32.7785	708.49772
2923	64.1385	-21.9015	15.675651
2923	64.1385	-21.9015	3.699457
29245	49.0095	8.4195	22.859893
29245	49.0095	8.4195	22.563945
29284	51.5495	7.3215	6.937772
29284	51.5495	7.3215	5.94495
29304	53.4895	10.2475	14.924281
29304	53.4895	10.2475	12.40236
2946	50.4605	30.4495	19.53178
2946	50.4605	30.4495	2.433792
29660	53.6075	10.6405	9.54265
29660	53.6075	10.6405	9.088556
29693	52.4985	13.3515	1.290131
29693	52.4985	13.3515	1.270701
29716	43.5805	7.1275	18.604776
29716	43.5805	7.1275	18.866441
29746	50.0505	14.4295	1.684014
29746	50.0505	14.4295	1.291518
29760	48.1775	11.5105	3.878299
29760	48.1775	11.5105	4.230188
29770	47.1775	5.3005	35.380394
29770	47.1775	5.3005	35.308434
29780	50.7875	3.2415	41.547175
29780	50.7875	3.2415	19.954345
29790	51.3075	12.3015	16.943909
29790	51.3075	12.3015	16.295898
2981	47.6675	26.2815	16.582659
2981	47.6675	26.2815	17.302276
29832	53.3285	-6.2615	19.396746
29832	53.3285	-6.2615	6.786073
29872	51.1085	17.0205	5.193004
29872	51.1085	17.0205	5.093884
30026	48.9205	2.2285	3.083814
30026	48.9205	2.2285	3.033388
30144	50.0795	14.5295	3.507258
30144	50.0795	14.5295	0.737501
30259	45.1015	7.4195	10.274292
30259	45.1015	7.4195	28.40013
30294	53.4895	-2.9485	10.134549
30294	53.4895	-2.9485	9.674778
30485	70.6595	23.6815	26.25779
30485	70.6595	23.6815	26.084191
30501	53.3975	-1.4525	6.046831
30501	53.3975	-1.4525	5.860074
30508	48.1715	0.5875	8.172561
30508	48.1715	0.5875	8.15916
30511	55.7775	37.6275	2.474776
30511	55.7775	37.6275	2.24777
30566	52.5505	13.4305	19.527471
30566	52.5505	13.4305	19.838299
30572	52.1685	4.5805	10.582885
30572	52.1685	4.5805	8.467043
30605	35.1595	33.3275	3.931366
30605	35.1595	33.3275	0.695638
30626	52.5605	13.6985	38.451861
30626	52.5605	13.6985	54.390615
30644	49.4395	11.0995	14.597963
30644	49.4395	11.0995	15.027899
30715	55.5195	9.4575	5.326625
30715	55.5195	9.4575	5.166833
30746	51.4105	7.0595	12.127689
30746	51.4105	7.0595	11.576695
30787	46.3505	-0.3685	16.821366
30787	46.3505	-0.3685	16.748949
30800	49.4975	8.5475	12.498623
30800	49.4975	8.5475	9.454118
30869	51.4415	5.4705	2.275856
30869	51.4415	5.4705	1.99102
30886	48.7405	7.7015	9.066365
30886	48.7405	7.7015	9.925735
30951	43.5875	1.4195	14.125336
30951	43.5875	1.4195	13.792965
30997	49.4505	11.0115	4.256771
30997	49.4505	11.0115	4.199866
31096	46.0505	14.5015	12.566933
31096	46.0505	14.5015	12.638133
31468	52.5915	39.5305	12.274946
31468	52.5915	39.5305	12.210241
31489	50.0315	21.9815	31.051707
31489	50.0315	21.9815	31.60734
31540	47.4775	-0.5605	6.698317
31540	47.4775	-0.5605	7.365564
31554	49.0795	19.6195	11.997555
31554	49.0795	19.6195	11.832612
31564	49.4195	2.8205	5.978558
31564	49.4195	2.8205	3.8329
31691	51.3975	7.4415	16.936206
31691	51.3975	7.4415	16.269967
31700	60.2275	24.9575	3.699
31700	60.2275	24.9575	0.83755
31701	48.1475	11.4575	13.756699
31701	48.1475	11.4575	13.139637
31741	45.8975	4.5795	11.249176
31741	45.8975	4.5795	11.676674
31745	51.3495	7.4595	19.296594
31745	51.3495	7.4595	17.839022
31875	49.0095	12.1005	10.034219
31875	49.0095	12.1005	7.978575
31879	48.8615	2.3905	2.282801
31879	48.8615	2.3905	2.230848
31890	57.6475	11.9315	4.723994
31890	57.6475	11.9315	4.345768
31958	46.9615	7.4895	15.761431
31958	46.9615	7.4895	14.718257
31959	49.3815	8.6695	13.098369
31959	49.3815	8.6695	8.380347
32045	51.6495	7.2395	20.773112
32045	51.6495	7.2395	18.419315
32051	49.0175	2.2495	3.437391
32051	49.0175	2.2495	4.111144
32111	44.8675	24.8475	3.981253
32111	44.8675	24.8475	3.756156
32124	45.4895	9.2385	3.627643
32124	45.4895	9.2385	3.290743
32130	55.7175	12.4385	1.175174
32130	55.7175	12.4385	1.37006
32133	50.0185	21.9785	9.776908
32133	50.0185	21.9785	8.879249
32140	45.7275	4.8295	50.268017
32140	45.7275	4.8295	7.620677
32203	48.5385	2.5475	9.41377
32203	48.5385	2.5475	9.937144
32266	53.1905	-2.8595	6.81809
32266	53.1905	-2.8595	5.889958
32496	53.4905	-2.3385	14.060743
32496	53.4905	-2.3385	14.181229
32508	39.8915	32.7775	12.580486
32508	39.8915	32.7775	12.458098
32589	38.6615	-9.0685	1.86094
32589	38.6615	-9.0685	1.60395
32600	53.1175	8.1775	10.622851
32600	53.1175	8.1775	10.073718
32610	53.2475	10.4275	17.111701
32610	53.2475	10.4275	16.853841
3264	51.9095	5.5105	16.822276
3264	51.9095	5.5105	4.738561
32658	51.7115	17.9995	9.223156
32658	51.7115	17.9995	11.829338
32661	50.6375	3.1105	6.810412
32661	50.6375	3.1105	6.557956
32665	35.8795	14.4705	32.081013
32665	35.8795	14.4705	34.755012
32768	41.9015	12.5305	7.410362
32768	41.9015	12.5305	5.898676
32863	50.4885	19.4205	5.751223
32863	50.4885	19.4205	5.766002
32925	30.4095	-9.5615	46.779826
32925	30.4095	-9.5615	46.454755
3294	53.3095	9.9615	14.501379
3294	53.3095	9.9615	22.003205
32955	44.4395	26.1295	2.867571
32955	44.4395	26.1295	2.344836
32982	48.7685	2.0315	10.006039
32982	48.7685	2.0315	10.511776
33229	52.1115	4.6485	4.667693
33229	52.1115	4.6485	4.330416
33280	50.0275	15.7815	1.94577
33280	50.0275	15.7815	1.90431
33283	45.4785	9.1015	1.07709
33283	45.4785	9.1015	0.88563
33287	49.7505	14.3415	9.429513
33287	49.7505	14.3415	11.007303
33318	55.6415	37.3675	40.989765
33318	55.6415	37.3675	44.141685
33396	48.8005	2.3415	3.436633
33396	48.8005	2.3415	3.518943
33407	60.9405	15.2275	8.379297
33407	60.9405	15.2275	8.263066
33421	53.3375	14.9985	20.540939
33421	53.3375	14.9985	20.61809
33473	48.5485	2.6405	4.092113
33473	48.5485	2.6405	3.696393
33489	49.9615	22.0415	7.743953
33489	49.9615	22.0415	7.642181
33491	51.5075	-0.0085	1.19802
33491	51.5075	-0.0085	1.1777
33519	59.9615	10.4875	1.52252
33519	59.9615	10.4875	1.6154
33563	46.7985	7.1505	29.41308
33563	46.7985	7.1505	29.095334
33572	56.9485	24.1005	7.3973
33572	56.9485	24.1005	7.179149
33585	48.8595	2.3615	4.064517
33585	48.8595	2.3615	3.80474
33588	50.0415	20.1815	7.579461
33588	50.0415	20.1815	7.392748
33615	49.7595	6.6475	12.348799
33615	49.7595	6.6475	15.717335
33775	42.1095	42.9205	56.111575
33775	42.1095	42.9205	56.000995
33812	46.1785	4.8075	7.374758
33812	46.1785	4.8075	7.328528
33863	48.5885	7.7505	6.014294
33863	48.5885	7.7505	5.552956
33877	60.6805	17.0905	3.875543
33877	60.6805	17.0905	3.852513
33884	42.0295	24.3015	6.508886
33884	42.0295	24.3015	5.949558
33893	64.1485	-21.9385	2.22344
33893	64.1485	-21.9385	2.152159
33991	50.7875	4.3515	8.66382
33991	50.7875	4.3515	7.834202
34004	48.7895	2.3675	7.324044
34004	48.7895	2.3675	7.895846
34154	59.2195	39.8595	38.425431
34154	59.2195	39.8595	38.129392
34344	40.3395	-3.8205	3.27146
34344	40.3395	-3.8205	3.599488
34498	52.2215	6.8915	3.755017
34498	52.2215	6.8915	3.627356
34506	41.4905	12.9275	13.838597
34506	41.4905	12.9275	24.296236
34602	47.2085	27.5075	12.535291
34602	47.2085	27.5075	12.144549
34635	67.2995	14.3985	15.681712
34635	67.2995	14.3985	15.569481
34753	51.2885	6.9195	16.879624
34753	51.2885	6.9195	15.507425
34812	48.9785	8.4075	15.809578
34812	48.9785	8.4075	17.522062
34916	45.1905	5.7675	16.304723
34916	45.1905	5.7675	14.001014
34981	43.5375	6.4615	5.620114
34981	43.5375	6.4615	5.587423
35027	52.3405	5.2185	13.684176
35027	52.3405	5.2185	13.74429
35053	48.8785	8.6695	15.573214
35053	48.8785	8.6695	12.188937
35478	59.4315	10.4605	8.488405
35478	59.4315	10.4605	2.99601
35578	59.4115	13.5805	5.71082
35578	59.4115	13.5805	5.371605
35606	49.8005	9.7275	13.178347
35606	49.8005	9.7275	12.155025
35643	50.4485	30.4795	0.988654
35643	50.4485	30.4795	0.774251
35655	59.5795	17.5195	4.685762
35655	59.5795	17.5195	3.12758
35719	51.9915	5.8875	4.56068
35719	51.9915	5.8875	4.346157
35730	51.9775	4.7685	5.222377
35730	51.9775	4.7685	4.438683
3596	52.1005	23.7615	23.706628
3596	52.1005	23.7615	23.329541
3695	50.0995	14.4415	7.108609
3695	50.0995	14.4415	3.296257
3828	55.5315	37.0385	16.220163
3828	55.5315	37.0385	4.723201
3916	51.9705	-5.0225	39.956744
3916	51.9705	-5.0225	38.529032
4104	51.7395	19.3975	7.009538
4104	51.7395	19.3975	5.335297
4207	53.4405	14.4175	41.932808
4207	53.4405	14.4175	41.949705
4242	47.5085	21.6595	27.581189
4242	47.5085	21.6595	22.009349
4371	64.1175	-21.9295	7.006465
4371	64.1175	-21.9295	3.683329
4389	49.9915	36.2515	10.524674
4389	49.9915	36.2515	10.467842
4497	51.7205	19.4815	11.796482
4497	51.7205	19.4815	11.779587
4539	42.6715	23.3485	15.095043
4539	42.6715	23.3485	2.747905
4683	50.0685	14.4615	14.805507
4683	50.0685	14.4615	1.700352
4686	50.4305	30.4515	15.012099
4686	50.4305	30.4515	2.421505
4861	48.6875	26.5805	14.690307
4861	48.6875	26.5805	14.667267
50025	53.5495	10.0485	1.38825
50025	53.5495	10.0485	1.066
50035	50.2595	8.9885	14.014084
50035	50.2595	8.9885	13.28475
50036	46.2005	6.1285	2.00875
50036	46.2005	6.1285	1.740958
50042	52.3685	4.8995	6.927375
50042	52.3685	4.8995	8.742167
50270	60.0075	10.9305	8.879375
50270	60.0075	10.9305	8.328541
50274	36.0695	32.8405	28.856417
50274	36.0695	32.8405	28.5795
50289	48.8615	2.3515	10.061375
50289	48.8615	2.3515	9.532167
50328	41.6715	2.7485	4.083458
50328	41.6715	2.7485	4.10775
50348	41.7715	26.2095	8.251917
50348	41.7715	26.2095	7.929333
50426	35.9205	14.4385	31.923125
50426	35.9205	14.4385	30.352375
50445	49.7895	9.9295	27.678625
50445	49.7895	9.9295	27.072625
50489	51.5115	0.0015	4.605375
50489	51.5115	0.0015	8.101
50532	50.3485	8.9685	25.09325
50532	50.3485	8.9685	25.3265
50537	43.4105	24.6185	5.164208
50537	43.4105	24.6185	4.85575
50542	44.4885	11.3395	11.11425
50542	44.4885	11.3395	9.93925
50579	47.7315	12.9105	23.317
50579	47.7315	12.9105	25.685708
50589	55.3515	10.3915	11.79725
50589	55.3515	10.3915	9.374125
50600	47.2175	8.8175	16.915458
50600	47.2175	8.8175	16.22625
50602	47.2585	-1.5125	10.239083
50602	47.2585	-1.5125	9.729958
50604	37.6495	12.5975	20.46025
50604	37.6495	12.5975	19.777916
50612	47.3785	8.5375	38.211291
50612	47.3785	8.5375	39.016042
50642	51.8985	0.8895	20.106
50642	51.8985	0.8895	19.20825
50644	47.5195	19.0595	1.195333
50644	47.5195	19.0595	0.850084
50654	47.5895	-2.6205	13.993375
50654	47.5895	-2.6205	14.104166
50685	47.0095	0.0815	11.670916
50685	47.0095	0.0815	10.148667
50708	55.5915	13.0075	2.339167
50708	55.5915	13.0075	2.012208
50750	50.6775	4.3795	9.124208
50750	50.6775	4.3795	8.872875
50760	51.4075	5.5505	6.6285
50760	51.4075	5.5505	5.04175
50765	53.5395	10.1105	5.978334
50765	53.5395	10.1105	5.563375
50781	51.4275	5.3815	10.782125
50781	51.4275	5.3815	10.269875
50828	48.3815	10.0085	20.831333
50828	48.3815	10.0085	17.461917
50839	48.8015	9.0085	14.402792
50839	48.8015	9.0085	13.0325
50893	60.1585	24.9415	2.765042
50893	60.1585	24.9415	2.270417
50961	52.4075	16.9505	19.586208
50961	52.4075	16.9505	19.184625
50970	64.7475	20.9605	13.032417
50970	64.7475	20.9605	13.415958
50975	53.3595	-6.2695	14.270583
50975	53.3595	-6.2695	7.041125
50981	44.9475	34.0915	35.09775
50981	44.9475	34.0915	34.59525
51010	53.9075	14.2475	12.547042
51010	53.9075	14.2475	12.276708
51031	63.4375	10.3985	8.295583
51031	63.4375	10.3985	8.01
51046	39.9805	-0.0305	5.66175
51046	39.9805	-0.0305	5.256458
51049	52.2415	21.0395	6.449917
51049	52.2415	21.0395	4.005917
51062	55.6685	12.5805	3.403
51062	55.6685	12.5805	2.864167
51092	52.4185	13.3615	19.375125
51092	52.4185	13.3615	17.173459
51137	50.9905	2.3585	10.805375
51137	50.9905	2.3585	10.300458
51147	50.0605	18.4095	28.315834
51147	50.0605	18.4095	28.956166
51173	59.2785	15.2105	5.056125
51173	59.2785	15.2105	4.708667
51181	55.8275	12.5315	11.534208
51181	55.8275	12.5315	11.357833
51195	46.4795	16.4615	10.783792
51195	46.4795	16.4615	10.3925
51204	49.3895	7.3375	17.747209
51204	49.3895	7.3375	15.063
51238	43.5015	3.7085	14.833916
51238	43.5015	3.7085	14.481333
51268	51.9415	5.9005	17.657583
51268	51.9415	5.9005	14.808834
51280	47.9975	1.7815	16.940333
51280	47.9975	1.7815	17.046292
51313	49.2485	6.7675	18.50775
51313	49.2485	6.7675	18.380375
51324	43.6895	7.1785	18.827167
51324	43.6895	7.1785	18.833875
51370	49.0375	3.4005	11.590083
51370	49.0375	3.4005	11.134834
51382	44.7385	19.7115	3.061542
51382	44.7385	19.7115	2.8265
51403	49.4485	11.0775	17.983375
51403	49.4485	11.0775	16.975084
51488	31.9715	35.9015	2.151583
51488	31.9715	35.9015	1.579833
51501	59.3275	18.0675	1.308458
51501	59.3275	18.0675	1.1355
51573	53.5385	-2.5295	13.997375
51573	53.5385	-2.5295	12.086833
51681	50.0975	8.6315	2.763625
51681	50.0975	8.6315	1.116875
51685	59.4595	24.6915	1.555292
51685	59.4595	24.6915	1.035459
51686	47.5605	7.5915	11.349166
51686	47.5605	7.5915	11.101375
51745	51.7995	-0.2105	8.299916
51745	51.7995	-0.2105	7.814833
51863	40.9785	28.7405	7.888916
51863	40.9785	28.7405	7.876875
51908	45.7315	4.8275	14.888
51908	45.7315	4.8275	14.222917
52197	51.9305	-0.1685	5.436375
52197	51.9305	-0.1685	5.769417
52264	47.8195	10.8905	22.834917
52264	47.8195	10.8905	21.748083
52266	32.1805	34.9105	2.926375
52266	32.1805	34.9105	2.316625
52280	53.2875	-6.3385	41.192291
52280	53.2875	-6.3385	39.130958
52298	52.0415	20.7215	4.219584
52298	52.0415	20.7215	3.729875
52310	48.8375	2.3875	3.572334
52310	48.8375	2.3875	2.681208
52321	59.9075	10.7485	1.852375
52321	59.9075	10.7485	1.486625
52337	69.0805	33.4185	37.084375
52337	69.0805	33.4185	36.600416
52339	52.3115	13.0185	9.229458
52339	52.3115	13.0185	7.402
52401	53.3475	-6.2625	5.323875
52401	53.3475	-6.2625	5.183375
52495	43.2095	27.9115	10.495416
52495	43.2095	27.9115	9.319958
52533	52.9685	5.7885	17.930459
52533	52.9685	5.7885	5.714625
52554	53.1895	5.8195	4.065292
52554	53.1895	5.8195	3.662292
52570	45.7375	14.1905	11.700875
52570	45.7375	14.1905	11.227625
52681	47.8975	13.1915	23.43525
52681	47.8975	13.1915	22.8525
52682	48.1085	11.5715	5.82775
52682	48.1085	11.5715	6.036583
52691	55.1275	-1.5085	11.185
52691	55.1275	-1.5085	10.798625
52709	51.0315	3.6775	3.934292
52709	51.0315	3.6775	3.864375
52715	54.0895	13.3675	15.104625
52715	54.0895	13.3675	14.8875
52716	51.0205	4.7975	13.343125
52716	51.0205	4.7975	11.32275
52727	50.3805	4.8985	12.815
52727	50.3805	4.8985	12.168459
52730	49.9475	8.4485	9.387375
52730	49.9475	8.4485	8.559958
52740	52.0375	8.5695	27.800875
52740	52.0375	8.5695	26.749875
52749	53.4415	8.8295	13.89225
52749	53.4415	8.8295	12.969291
52776	49.8005	30.1305	4.257708
52776	49.8005	30.1305	2.6675
52779	51.7215	8.7405	18.337
52779	51.7215	8.7405	17.501208
52786	48.9305	2.3615	2.025334
52786	48.9305	2.3615	1.668875
52824	53.2295	6.5285	15.441667
52824	53.2295	6.5285	15.85875
52831	49.0075	8.3985	16.581542
52831	49.0075	8.3985	11.114792
52945	47.3195	8.5195	10.412375
52945	47.3195	8.5195	9.83275
52962	51.8085	4.0305	15.797084
52962	51.8085	4.0305	15.033125
52966	51.4505	5.4505	9.2545
52966	51.4505	5.4505	8.846083
52994	51.1795	14.4515	19.937875
52994	51.1795	14.4515	18.332167
52999	50.6115	26.2415	12.260459
52999	50.6115	26.2415	11.404125
53005	52.1695	5.2675	6.148208
53005	52.1695	5.2675	4.788125
53014	49.6595	8.4475	17.371959
53014	49.6595	8.4475	15.813833
53050	47.7775	19.9195	10.505917
53050	47.7775	19.9195	9.816917
53055	41.3295	19.7995	26.392583
53055	41.3295	19.7995	26.160834
53171	52.5275	13.3405	4.550625
53171	52.5275	13.3405	2.06825
53190	50.4575	30.5215	1.385458
53190	50.4575	30.5215	1.001875
53211	51.4375	0.3675	4.555
53211	51.4375	0.3675	4.521208
53254	50.8395	12.9495	19.684916
53254	50.8395	12.9495	19.213959
53256	56.6505	23.7195	2.42375
53256	56.6505	23.7195	1.897709
53297	51.1305	6.7815	21.217417
53297	51.1305	6.7815	19.279667
53311	47.7175	10.2875	18.225042
53311	47.7175	10.2875	19.395167
53347	49.9705	6.9395	15.215833
53347	49.9705	6.9395	14.533541
53377	53.3905	10.4105	23.974459
53377	53.3905	10.4105	23.540417
53380	40.4175	-3.6885	2.719708
53380	40.4175	-3.6885	2.625125
53382	50.8785	4.5015	2.738875
53382	50.8785	4.5015	1.088542
53388	56.6615	12.8615	6.576209
53388	56.6615	12.8615	5.746125
53420	50.0375	21.9985	10.705875
53420	50.0375	21.9985	10.16475
53435	47.4995	19.0385	1.709
53435	47.4995	19.0385	1.268042
53453	53.5485	10.0495	9.650417
53453	53.5485	10.0495	9.219875
53496	50.8205	-0.1385	10.349125
53496	50.8205	-0.1385	10.393625
53499	49.8415	24.0315	10.154542
53499	49.8415	24.0315	12.516
53525	53.3795	-1.4815	5.676542
53525	53.3795	-1.4815	4.963125
53530	44.8175	20.4485	4.09775
53530	44.8175	20.4485	1.374625
53584	51.0295	2.3615	9.101917
53584	51.0295	2.3615	9.133166
53775	47.9495	16.8505	15.085917
53775	47.9495	16.8505	13.65775
53791	52.0975	20.8015	4.470875
53791	52.0975	20.8015	4.71975
53809	49.0815	19.6475	12.60025
53809	49.0815	19.6475	12.346
53847	49.8105	24.0095	60.681417
53847	49.8105	24.0095	66.484625
53865	51.3795	-2.3595	7.374375
53865	51.3795	-2.3595	5.342125
53879	48.6415	7.7105	10.407333
53879	48.6415	7.7105	9.916417
53905	64.5395	40.5275	28.9075
53905	64.5395	40.5275	28.47575
53979	60.0115	30.4305	16.208166
53979	60.0115	30.4305	15.675584
53999	56.3615	43.8315	13.379917
53999	56.3615	43.8315	12.823625
54011	46.1275	-1.0725	11.181917
54011	46.1275	-1.0725	11.420708
54025	48.8295	2.4085	12.040459
54025	48.8295	2.4085	11.107
54061	50.1075	8.7005	8.176958
54061	50.1075	8.7005	7.606667
54087	52.4905	13.3815	4.260083
54087	52.4905	13.3815	4.909666
54095	48.8995	2.3015	3.414167
54095	48.8995	2.3015	2.18075
54103	48.7885	2.2975	3.437
54103	48.7885	2.2975	3.669875
54104	48.6195	9.5375	41.299084
54104	48.6195	9.5375	16.593041
54197	55.6805	12.5715	4.03725
54197	55.6805	12.5715	1.326791
54226	54.7005	-1.4415	24.005459
54226	54.7005	-1.4415	20.296375
54228	59.9315	30.3585	4.631042
54228	59.9315	30.3585	2.411459
54263	48.0685	11.8805	27.848291
54263	48.0685	11.8805	26.371042
54289	45.8315	3.1215	7.746833
54289	45.8315	3.1215	7.251958
54352	53.3385	-6.2405	13.865209
54352	53.3385	-6.2405	20.249792
54364	52.8995	-1.4295	13.82825
54364	52.8995	-1.4295	11.00525
54408	45.0915	7.6575	1.1615
54408	45.0915	7.6575	0.768583
54438	51.5115	-0.1315	2.839333
54438	51.5115	-0.1315	2.438209
54474	50.8295	4.3405	11.160542
54474	50.8295	4.3405	3.469041
54479	55.7015	37.6705	3.882875
54479	55.7015	37.6705	3.4205
54523	51.4985	-0.1215	5.747584
54523	51.4985	-0.1215	5.295625
54554	48.8295	2.3495	11.0675
54554	48.8295	2.3495	10.141709
54590	59.9275	30.3415	1.740792
54590	59.9275	30.3415	1.534708
54613	53.6185	13.2675	11.069916
54613	53.6185	13.2675	9.947625
54645	40.3495	18.1895	17.348292
54645	40.3495	18.1895	15.859917
54664	45.3795	9.1805	17.502417
54664	45.3795	9.1805	16.310958
54676	44.8405	-0.5795	14.614708
54676	44.8405	-0.5795	14.271625
54683	45.5185	9.3315	37.618708
54683	45.5185	9.3315	36.902042
54720	60.1675	24.9385	8.760125
54720	60.1675	24.9385	7.863875
54793	61.4685	21.7815	6.779542
54793	61.4685	21.7815	5.849625
54824	45.4095	11.8985	7.951292
54824	45.4095	11.8985	7.0905
54828	52.5215	13.3985	23.335541
54828	52.5215	13.3985	22.502
54888	53.5515	10.0015	15.550833
54888	53.5515	10.0015	15.165667
54978	60.0415	30.3505	4.95575
54978	60.0415	30.3505	4.471583
55000	52.1875	20.8975	9.016833
55000	52.1875	20.8975	7.956625
55023	52.4085	-1.1615	12.698083
55023	52.4085	-1.1615	11.490875
55043	46.1785	12.2795	10.736333
55043	46.1785	12.2795	10.2275
55060	45.4875	9.1605	11.106875
55060	45.4875	9.1605	10.564291
55064	48.7195	9.1305	27.748083
55064	48.7195	9.1305	26.769125
55067	57.7205	12.0205	6.726542
55067	57.7205	12.0205	6.260833
55083	42.1685	12.5915	12.143375
55083	42.1685	12.5915	11.450875
55115	48.8795	2.7075	5.125584
55115	48.8795	2.7075	4.280417
55117	40.8505	14.2675	15.396209
55117	40.8505	14.2675	15.266792
55229	53.8915	-3.0115	7.186041
55229	53.8915	-3.0115	7.410458
55279	54.7415	-5.8395	15.711458
55279	54.7415	-5.8395	15.540791
55346	40.4205	-3.7105	4.706834
55346	40.4205	-3.7105	4.277791
55348	54.6615	39.6695	5.295833
55348	54.6615	39.6695	4.952417
55378	44.8615	20.3505	15.901791
55378	44.8615	20.3505	15.627167
55428	35.5115	11.0385	41.150542
55428	35.5115	11.0385	43.597541
55448	53.2915	-6.2105	23.498375
55448	53.2915	-6.2105	13.199708
55456	55.6905	12.5695	2.273625
55456	55.6905	12.5695	1.814833
55485	53.0095	-2.2285	27.450083
55485	53.0095	-2.2285	27.735583
55532	47.3585	8.5685	8.421791
55532	47.3585	8.5685	8.067792
55619	49.0115	1.5475	6.15875
55619	49.0115	1.5475	5.743125
55636	47.3705	8.5185	7.518333
55636	47.3705	8.5185	7.124458
55654	59.9895	30.2395	2.109541
55654	59.9895	30.2395	1.360209
55668	36.8115	34.6405	22.483125
55668	36.8115	34.6405	21.941917
55679	49.2615	4.0305	11.441625
55679	49.2615	4.0305	10.871583
55686	51.2005	-2.1885	16.237542
55686	51.2005	-2.1885	15.631833
55731	47.7075	40.1985	19.856709
55731	47.7075	40.1985	19.319417
55763	50.0585	14.5005	2.959417
55763	50.0585	14.5005	3.428209
55796	51.7905	19.4515	5.2665
55796	51.7905	19.4515	4.488459
55823	47.1485	7.2585	13.561209
55823	47.1485	7.2585	13.718459
55829	48.8615	2.3485	3.234792
55829	48.8615	2.3485	3.174292
55857	41.3205	19.8095	17.754375
55857	41.3205	19.8095	17.413292
60047	52.1005	5.0495	8.362564
60047	52.1005	5.0495	7.778428
60050	52.3475	5.2595	7.448332
60050	52.3475	5.2595	5.043136
60075	33.3095	44.4205	114.878224
60075	33.3095	44.4205	119.230811
60131	36.8575	42.9885	3.992064
60131	36.8575	42.9885	3.404088
60133	38.3585	-0.4215	14.472918
60133	38.3585	-0.4215	14.158969
60155	59.9495	10.8595	6.348426
60155	59.9495	10.8595	6.098644
60187	58.2405	22.5915	7.021231
60187	58.2405	22.5915	4.634363
60244	51.5195	6.3295	17.190375
60244	51.5195	6.3295	14.058742
60301	48.7975	2.5075	4.160155
60301	48.7975	2.5075	4.224001
60307	52.5205	5.4675	3.53255
60307	52.5205	5.4675	3.53983
60319	41.8515	3.0975	12.145733
60319	41.8515	3.0975	12.191177
60340	57.1475	-2.0905	14.496886
60340	57.1475	-2.0905	14.741469
60398	53.3415	-6.2385	9.903385
60398	53.3415	-6.2385	15.606432
60404	49.8695	8.6275	5.87576
60404	49.8695	8.6275	5.5864
60446	51.6905	5.1395	19.726483
60446	51.6905	5.1395	19.643355
60454	40.8095	0.5195	18.041792
60454	40.8095	0.5195	15.673157
60517	58.5905	16.1875	5.420586
60517	58.5905	16.1875	4.214634
60562	46.1785	21.3205	13.158834
60562	46.1785	21.3205	13.050263
60589	38.1215	-1.2885	11.080783
60589	38.1215	-1.2885	10.431118
60602	63.2885	18.7175	11.603192
60602	63.2885	18.7175	9.969195
60615	47.1795	7.3375	15.400002
60615	47.1795	7.3375	15.091493
60695	47.4795	19.0615	1.491249
60695	47.4795	19.0615	1.281871
60721	52.6075	11.8685	5.786073
60721	52.6075	11.8685	5.85544
60730	45.8075	1.2785	47.326225
60730	45.8075	1.2785	40.266211
60739	44.5415	18.6685	9.50117
60739	44.5415	18.6685	9.532774
60748	54.2915	-1.5205	16.495599
60748	54.2915	-1.5205	18.178162
60767	53.8405	-3.0295	56.561658
60767	53.8405	-3.0295	10.878066
60830	50.0875	14.3485	2.751863
60830	50.0875	14.3485	1.446938
60855	46.9595	7.4795	8.359672
60855	46.9595	7.4795	8.171734
60895	53.4295	10.3015	25.242049
60895	53.4295	10.3015	26.154937
60914	50.8695	0.0075	8.840345
60914	50.8695	0.0075	8.614484
60917	63.4205	10.8075	10.950734
60917	63.4205	10.8075	11.286846
60994	54.6295	-5.8585	14.869303
60994	54.6295	-5.8585	16.323286
61015	52.3695	4.9075	11.949807
61015	52.3695	4.9075	12.504101
61019	43.2815	-2.0125	9.789392
61019	43.2815	-2.0125	9.145748
61020	54.5975	-5.9315	12.645422
61020	54.5975	-5.9315	12.703667
61027	51.3605	7.1085	17.159794
61027	51.3605	7.1085	17.383096
61033	59.2185	18.1485	3.126228
61033	59.2185	18.1485	2.104368
61071	52.1675	6.1405	26.617635
61071	52.1675	6.1405	27.96945
61083	38.7985	-9.1885	5.544523
61083	38.7985	-9.1885	2.523518
61098	47.9415	0.2515	16.410721
61098	47.9415	0.2515	16.431042
61112	44.8685	20.6475	4.031121
61112	44.8685	20.6475	3.129992
61124	60.6695	17.1385	6.939074
61124	60.6695	17.1385	6.716252
61151	38.8675	-9.4005	3.56417
61151	38.8675	-9.4005	2.479669
61163	42.9685	1.8705	19.828215
61163	42.9685	1.8705	20.743902
61164	51.5295	-0.2995	10.794287
61164	51.5295	-0.2995	10.61899
61201	42.4575	-2.4625	10.540283
61201	42.4575	-2.4625	10.451636
61202	45.4485	9.2075	37.460774
61202	45.4485	9.2075	29.642044
61224	51.1995	4.3985	12.89558
61224	51.1995	4.3985	13.116241
61229	52.6815	19.8085	40.147525
61229	52.6815	19.8085	32.246721
61257	44.8105	20.3895	1.254624
61257	44.8105	20.3895	1.036613
61259	53.3115	7.4995	24.052245
61259	53.3115	7.4995	23.531873
61272	50.9185	-1.0095	10.864722
61272	50.9185	-1.0095	10.685585
61309	52.4915	13.3775	8.887924
61309	52.4915	13.3775	8.904646
61325	57.0295	9.9485	8.525039
61325	57.0295	9.9485	8.351348
61357	43.3105	-5.7005	13.935023
61357	43.3105	-5.7005	14.041753
61373	43.3185	-0.3095	187.408372
61373	43.3185	-0.3095	187.197072
61376	49.0105	8.3705	86.575641
61376	49.0105	8.3705	17.187264
61393	50.6685	4.6115	11.077161
61393	50.6685	4.6115	11.003476
61398	45.7815	4.8115	5.715903
61398	45.7815	4.8115	5.825913
61437	47.5505	7.7885	28.27343
61437	47.5505	7.7885	29.67949
61476	42.4605	-2.4595	26.318346
61476	42.4605	-2.4595	27.648588
61514	52.3695	4.9275	6.113296
61514	52.3695	4.9275	5.94352
61519	57.1515	-2.0925	657.801902
61519	57.1515	-2.0925	669.97114
61529	52.8715	-8.2015	8.401757
61529	52.8715	-8.2015	7.673381
61531	40.3375	-3.8515	4.754297
61531	40.3375	-3.8515	4.357458
61568	50.1615	15.8205	6.584202
61568	50.1615	15.8205	6.314178
61613	52.2285	9.0375	7.094589
61613	52.2285	9.0375	6.506454
61674	44.8495	24.8705	2.807756
61674	44.8495	24.8705	2.885438
61690	52.5175	13.4515	1.820656
61690	52.5175	13.4515	2.549687
61711	34.6975	33.0875	59.127022
61711	34.6975	33.0875	58.908681
61717	35.7605	10.8075	9.032309
61717	35.7605	10.8075	9.618045
61719	41.6415	-0.9325	7.926004
61719	41.6415	-0.9325	7.803354
61724	51.7895	8.0585	3.914457
61724	51.7895	8.0585	3.520738
61776	53.9305	9.5105	23.007101
61776	53.9305	9.5105	22.664509
61810	47.9875	2.7575	4.852864
61810	47.9875	2.7575	4.391475
61841	44.4475	26.2295	2.558408
61841	44.4475	26.2295	2.284301
61855	38.2695	-0.7105	12.751065
61855	38.2695	-0.7105	15.392679
61934	53.7595	-0.3115	9.362399
61934	53.7595	-0.3115	9.601381
61983	49.8585	2.3815	5.331337
61983	49.8585	2.3815	4.883393
61994	48.6995	8.8915	20.105709
61994	48.6995	8.8915	20.33053
62000	50.7275	7.1475	33.651391
62000	50.7275	7.1475	33.670673
62015	48.7995	2.4875	10.976273
62015	48.7995	2.4875	10.363733
62065	51.5095	-0.0195	4.251622
62065	51.5095	-0.0195	3.924949
62081	53.2175	-6.6485	11.792518
62081	53.2175	-6.6485	13.736389
62086	53.3805	-6.1385	13.026302
62086	53.3805	-6.1385	9.286339
62138	57.5715	-4.3815	24.848494
62138	57.5715	-4.3815	25.685536
62139	51.1815	4.9785	16.01063
62139	51.1815	4.9785	13.700949
62148	48.8615	2.3395	5.862475
62148	48.8615	2.3395	5.771267
62149	36.6015	-4.5505	15.160272
62149	36.6015	-4.5505	14.982014
62183	50.9385	6.9115	7.186363
62183	50.9385	6.9115	8.040925
62201	55.9375	-3.2325	14.109566
62201	55.9375	-3.2325	14.056441
62216	52.0905	5.0075	7.705017
62216	52.0905	5.0075	6.804206
62217	49.1605	9.6075	17.323965
62217	49.1605	9.6075	16.265224
62270	52.5875	-1.9795	8.870259
62270	52.5875	-1.9795	8.430699
62287	45.7605	4.7815	11.557302
62287	45.7605	4.7815	11.607707
62311	41.3275	19.8175	8.706964
62311	41.3275	19.8175	8.302138
62318	51.5415	-0.5525	28.063824
62356	49.0005	12.2095	9.675031
62356	49.0005	12.2095	8.493155
62428	49.9815	11.6185	15.556028
62428	49.9815	11.6185	14.122693
6246	52.5005	13.3695	0.981398
6246	52.5005	13.3695	0.868934
62462	53.4185	-2.3395	17.262169
62462	53.4185	-2.3395	10.995636
62471	50.7275	7.1905	28.850996
62471	50.7275	7.1905	20.500782
62514	48.3395	8.7775	33.701663
62514	48.3395	8.7775	32.159848
62520	49.3875	5.9885	37.935576
62520	49.3875	5.9885	37.089129
62525	53.6095	-6.2115	14.213728
62525	53.6095	-6.2115	14.112439
62628	52.7215	5.6385	14.504685
62628	52.7215	5.6385	12.657786
62648	49.1115	10.7595	16.041908
62648	49.1115	10.7595	15.487456
62670	48.1175	11.6005	1.189156
62670	48.1175	11.6005	0.92601
62725	52.3595	4.9485	1.496295
62725	52.3595	4.9485	1.303317
62732	51.7685	7.4585	10.682951
62732	51.7685	7.4585	10.716394
62748	37.9815	23.7595	23.464758
62748	37.9815	23.7595	23.214493
62750	52.1575	4.4495	8.236611
62750	52.1575	4.4495	8.031952
62761	47.8875	13.1205	21.165579
62761	47.8875	13.1205	23.084798
62767	52.5305	5.7205	3.158887
62767	52.5305	5.7205	3.004792
62771	39.4575	-9.0595	9.970843
62771	39.4575	-9.0595	10.500395
62784	59.3495	18.1515	5.066991
62784	59.3495	18.1515	3.059428
62801	35.9175	14.4675	18.25381
62801	35.9175	14.4675	18.600324
62812	51.0685	5.7475	20.195758
62812	51.0685	5.7475	18.135642
62825	47.6895	16.5985	23.408061
62825	47.6895	16.5985	17.367046
62862	51.1585	4.9905	8.996358
62862	51.1585	4.9905	7.956021
62896	49.3305	7.3515	14.629052
62896	49.3305	7.3515	15.009167
6297	35.3105	25.0715	8.071298
6297	35.3105	25.0715	8.036792
63056	50.7005	7.1395	6.486215
63056	50.7005	7.1395	5.976646
6321	46.4675	7.2885	8.238808
6321	46.4675	7.2885	8.290313
6330	60.2075	24.8985	0.929246
6330	60.2075	24.8985	0.762329
6363	48.9285	2.3505	0.970593
6363	48.9285	2.3505	0.988917
6372	48.0785	11.6505	9.951643
6372	48.0785	11.6505	10.080706
6395	43.5395	1.5215	12.220772
6395	43.5395	1.5215	12.10518
6429	40.9815	29.0985	2.523089
6429	40.9815	29.0985	2.40569
6447	51.4005	12.3995	5.973617
6447	51.4005	12.3995	5.838144
6501	50.7175	-1.8925	5.797979
6501	50.7175	-1.8925	70.178177
6512	51.7785	-1.2725	3.673405
6512	51.7785	-1.2725	3.577272
6516	51.2405	-0.1725	1.978489
6516	51.2405	-0.1725	1.972075
6559	51.5215	-0.6405	1.967464
6559	51.5215	-0.6405	1.941382
6579	53.5715	9.9905	10.953035
6579	53.5715	9.9905	11.001487
6600	50.1275	8.5975	0.931719
6600	50.1275	8.5975	0.921436
6619	48.0015	37.8375	19.342803
6619	48.0015	37.8375	19.377988
6621	40.9475	17.2785	1.610812
6621	40.9475	17.2785	0.566344
6626	52.2905	4.9485	1.615632
6626	52.2905	4.9485	1.192117
6662	40.9885	28.8305	10.289434
6662	40.9885	28.8305	1.165013
6699	51.5115	-0.1285	2.648902
6699	51.5115	-0.1285	1.910907
6708	50.1115	8.6775	1.974192
6708	50.1115	8.6775	1.181181
6709	47.3815	8.5375	5.942443
6709	47.3815	8.5375	5.182767
6712	50.4485	3.8175	5.440563
6712	50.4485	3.8175	5.00645
6763	45.4785	9.1005	0.924553
6763	45.4785	9.1005	0.957233
6826	52.3105	7.4385	5.753908
6826	52.3105	7.4385	5.85912
6827	46.6205	14.2685	7.053968
6827	46.6205	14.2685	7.014569
6830	48.8575	2.3785	0.901849
6830	48.8575	2.3785	0.874222
6855	52.9295	9.2695	8.0349
6855	52.9295	9.2695	7.906921
6869	50.4815	12.3305	13.764644
6869	50.4815	12.3305	13.857333
6876	49.9705	23.1505	7.516227
6876	49.9705	23.1505	7.484358
6892	53.4685	-2.3085	0.602718
6892	53.4685	-2.3085	0.62142
6900	48.0975	11.5975	17.392762
6900	48.0975	11.5975	17.406617
6930	46.4775	30.7285	9.946275
6930	46.4775	30.7285	8.293726
6940	50.0975	8.6395	6.250051
6940	50.0975	8.6395	6.182212
6969	52.3515	4.9605	2.166594
6969	52.3515	4.9605	1.294467
6997	40.7705	29.7915	5.47955
6997	40.7705	29.7915	5.426603
7021	52.9875	-1.1715	6.416484
7021	52.9875	-1.1715	6.270037
7081	51.5075	0.0015	0.839857
7081	51.5075	0.0015	0.841987
7089	41.4915	2.1215	1.2363
7089	41.4915	2.1215	1.219349
7139	52.3415	4.8285	1.016393
7139	52.3415	4.8285	1.085922
7149	47.1715	8.9795	6.340433
7149	47.1715	8.9795	6.357652
7150	40.9875	28.8295	1.689368
7150	40.9875	28.8295	1.594208
7162	52.8985	9.2805	7.988164
7162	52.8985	9.2805	6.617655
7168	55.5715	37.6005	1.458192
7168	55.5715	37.6005	1.310707
7173	67.2785	14.4605	16.094037
7173	67.2785	14.4605	16.128267
1003321	48.9975	12.1885	9.98652
1003321	48.9975	12.1885	8.665849
1000807	55.7405	37.6075	4.474085
1000807	55.7405	37.6075	1.309652
