#hostname	latitude	longitude	rtt[ms]
1000361	48.2875	25.9405	8.54116
1000361	48.2875	25.9405	9.057459
1000839	60.1815	24.9285	14.889124
1000839	60.1815	24.9285	15.188889
1002178	52.3715	4.9005	1.472336
1002178	52.3715	4.9005	1.075204
1002224	49.0095	12.1085	5.990335
1002224	49.0095	12.1085	5.845796
1002888	45.3115	-73.8985	7.774808
1002888	45.3115	-73.8985	7.635559
1003249	20.8315	-102.7905	30.552429
1003249	20.8315	-102.7905	30.586387
1003602	52.5285	13.3375	8.227241
1003602	52.5285	13.3375	13.130983
1003639	55.7515	37.6185	2.650238
1003639	55.7515	37.6185	2.576479
1003978	39.9815	116.5105	251.211021
1003978	39.9815	116.5105	235.19705
1004154	-34.5005	-58.5205	1.870915
1004260	48.8175	2.3805	7.256924
1004260	48.8175	2.3805	7.694085
1004281	8.9275	-79.5885	44.751321
1004281	8.9275	-79.5885	44.576676
1004306	22.2905	114.1475	1.033607
1004306	22.2905	114.1475	0.994514
1004330	34.7675	113.7185	175.31301
1004330	34.7675	113.7185	174.933841
1004374	37.9295	-76.8495	5.078397
1004374	37.9295	-76.8495	1.805401
1004581	37.1275	-80.4985	25.752411
1004581	37.1275	-80.4985	20.226201
1004841	52.2675	20.8095	4.005315
1004841	52.2675	20.8095	3.908544
1004962	51.7585	0.0005	3.281314
1004962	51.7585	0.0005	3.196013
1005037	32.8805	-117.2315	3.605379
1005037	32.8805	-117.2315	3.235583
1005055	51.5195	6.3395	13.842178
1005055	51.5195	6.3395	18.174983
1005202	22.2885	114.1475	1.447629
1005202	22.2885	114.1475	1.356898
1005211	47.3875	8.5375	6.904128
1005211	47.3875	8.5375	6.940603
1005282	48.9285	2.2215	2.48707
1005282	48.9285	2.2215	1.962163
1005322	51.4385	4.3085	6.298969
1005322	51.4385	4.3085	5.60333
12710	36.9475	-121.9725	19.388455
12710	36.9475	-121.9725	20.082438
13593	46.3085	16.3415	1.913485
13593	46.3085	16.3415	1.753333
14015	55.0395	82.9375	46.795695
14015	55.0395	82.9375	44.972678
15706	55.6705	37.8575	3.80575
15706	55.6705	37.8575	2.219211
16938	48.8815	2.3485	6.917224
16938	48.8815	2.3485	6.532308
19121	50.3175	18.6585	11.953604
19121	50.3175	18.6585	11.927905
19291	45.9775	14.6415	2.883561
19291	45.9775	14.6415	2.810205
19540	45.6575	-122.5005	11.56123
19540	45.6575	-122.5005	12.042325
20088	45.6715	4.7515	4.895597
20088	45.6715	4.7515	5.413125
20313	55.9185	23.2875	5.320138
20313	55.9185	23.2875	4.994963
22364	41.9995	21.4305	5.541266
22364	41.9995	21.4305	5.01014
25746	49.2205	16.5995	61.334806
25746	49.2205	16.5995	5.463027
26285	47.0195	28.8415	8.574289
26285	47.0195	28.8415	8.548198
28961	47.8875	16.4105	9.835686
28961	47.8875	16.4105	9.887551
29393	51.4585	7.9415	16.732616
29393	51.4585	7.9415	15.729463
30219	-37.7385	175.2575	4.824156
30219	-37.7385	175.2575	4.953936
32496	53.4905	-2.3385	14.841375
32496	53.4905	-2.3385	14.120908
33699	42.5815	-71.7985	21.89556
33699	42.5815	-71.7985	18.049621
33915	55.7295	12.5475	4.46517
33915	55.7295	12.5475	2.854132
50071	40.6075	14.9805	12.939
50071	40.6075	14.9805	11.368042
50235	40.7295	-73.3515	15.193292
50235	40.7295	-73.3515	14.626833
50542	44.4885	11.3395	11.109166
50542	44.4885	11.3395	10.04475
50554	50.8495	4.7295	2.059875
50554	50.8495	4.7295	1.488417
50562	53.4985	14.5905	11.123583
50562	53.4985	14.5905	10.520875
50564	58.9995	16.2105	5.453125
50564	58.9995	16.2105	5.503792
51022	51.4885	6.8685	3.441667
51022	51.4885	6.8685	3.486542
52229	43.1615	-76.3315	19.475125
52229	43.1615	-76.3315	17.11075
52364	44.4895	11.3805	23.75025
52364	44.4895	11.3805	23.66275
52427	45.5105	-122.6815	7.644417
52427	45.5105	-122.6815	6.84625
52609	28.3415	-81.2725	28.104167
52609	28.3415	-81.2725	25.933959
52685	49.7995	9.7315	12.981333
52685	49.7995	9.7315	12.465416
52821	47.9375	12.9385	21.275875
52821	47.9375	12.9385	29.262709
52935	52.4495	-1.7015	5.174
52935	52.4495	-1.7015	4.958541
53110	37.7475	-122.4925	5.01575
53110	37.7475	-122.4925	4.545
53208	46.6115	13.8475	8.019
53208	46.6115	13.8475	7.815333
53737	49.4905	26.4385	32.921875
53737	49.4905	26.4385	33.002125
53882	54.4585	17.0515	13.103084
53882	54.4585	17.0515	11.985125
55023	52.4085	-1.1615	14.533625
55023	52.4085	-1.1615	12.079334
55079	26.3715	50.0305	106.322625
55079	26.3715	50.0305	106.232
55193	54.1885	45.2615	10.173
55193	54.1885	45.2615	11.396625
55426	35.7905	-78.4815	13.459459
55426	35.7905	-78.4815	12.832291
55718	48.0715	-0.7625	9.746417
55718	48.0715	-0.7625	9.38225
55763	50.0585	14.5005	3.761333
55763	50.0585	14.5005	3.232708
60204	49.4195	11.1275	15.105161
60204	49.4195	11.1275	12.571566
60218	40.0915	-75.1525	5.477945
60218	40.0915	-75.1525	5.470745
60497	23.8105	90.3715	50.547772
60497	23.8105	90.3715	50.191017
60624	43.4995	2.1885	14.889295
60624	43.4995	2.1885	15.517896
60713	51.4585	-0.9725	19.146856
60713	51.4585	-0.9725	19.110854
60721	52.6075	11.8685	6.350367
60721	52.6075	11.8685	5.85824
60773	39.9485	-74.7995	4.914155
60773	39.9485	-74.7995	5.68343
60938	42.3315	-71.2215	8.589846
60938	42.3315	-71.2215	9.794919
60986	41.1305	-8.6485	9.298239
60986	41.1305	-8.6485	9.53034
61019	43.2815	-2.0125	9.520574
61019	43.2815	-2.0125	9.74987
61083	38.7985	-9.1885	2.902439
61083	38.7985	-9.1885	3.056053
61164	51.5295	-0.2995	15.320868
61164	51.5295	-0.2995	10.060298
61223	33.6785	73.0485	4.024238
61223	33.6785	73.0485	3.649736
61423	40.1985	-105.0915	15.143185
61423	40.1985	-105.0915	15.149105
61464	40.3795	28.8805	17.245679
61464	40.3795	28.8805	17.055666
61674	44.8495	24.8705	5.27767
61674	44.8495	24.8705	2.923211
61677	41.0305	-80.6695	42.440907
61677	41.0305	-80.6695	26.892631
61820	45.5275	-73.5115	21.624589
61820	45.5275	-73.5115	16.896848
61855	38.2695	-0.7105	16.417419
61855	38.2695	-0.7105	15.927452
62015	48.7995	2.4875	10.863705
62015	48.7995	2.4875	11.641622
62022	-20.9815	55.3385	10.708655
62022	-20.9815	55.3385	2.002918
62086	53.3805	-6.1385	17.087175
62086	53.3805	-6.1385	8.2624
62256	35.3705	-85.3905	12.828758
62256	35.3705	-85.3905	12.932289
62311	41.3275	19.8175	8.21607
62311	41.3275	19.8175	8.329206
62358	28.2115	-82.2905	9.773148
62358	28.2115	-82.2905	9.059956
62459	50.9815	11.0195	50.562008
62459	50.9815	11.0195	47.807822
62492	47.5085	-52.9985	38.784892
62492	47.5085	-52.9985	39.358051
62648	49.1115	10.7595	16.17592
62648	49.1115	10.7595	15.297358
62659	30.3715	-97.6505	9.789495
62659	30.3715	-97.6505	9.767414
62828	28.6715	-81.2115	13.297629
62828	28.6715	-81.2115	8.191127
62962	45.4185	-75.7095	7.54055
62962	45.4185	-75.7095	7.270684
63085	37.9895	-1.1185	18.032085
63085	37.9895	-1.1185	18.101772
