#hostname	latitude	longitude	rtt[ms]
1004001	44.0375	12.5875	7.468141
1004001	44.0375	12.5875	7.221233
1000115	42.8895	-78.8825	6.386
1000115	42.8895	-78.8825	1.60189
1000297	34.0505	-118.2385	2.118425
1000297	34.0505	-118.2385	1.048782
1000414	59.9895	30.4175	4.565
1000414	59.9895	30.4175	3.722
1000481	22.3175	114.1715	2.904417
1000481	22.3175	114.1715	2.105977
1000745	59.8295	30.9295	1.059674
1000745	59.8295	30.9295	1.045407
1000801	42.6975	23.3175	2.600208
1000801	42.6975	23.3175	2.604219
1001120	53.3475	-6.2615	0.936513
1001120	53.3475	-6.2615	0.886122
1001406	46.5205	6.5975	10.385792
1001406	46.5205	6.5975	10.466018
1001603	41.4885	2.1875	3.047611
1001603	41.4885	2.1875	2.930555
1001667	38.7505	-9.0995	8.788999
1001872	51.5285	20.0105	12.558
1001872	51.5285	20.0105	12.299
1002063	51.6085	7.0805	37.679286
1002063	51.6085	7.0805	40.296061
1002476	59.2705	15.2105	6.0103
1002476	59.2705	15.2105	5.8439
1002633	39.0385	-77.4915	0.404166
1002633	39.0385	-77.4915	0.41377
1002639	1.3515	103.8185	2.627672
1002639	1.3515	103.8185	2.241146
1002654	55.7295	12.5095	14.706849
1002654	55.7295	12.5095	19.387398
1002682	-33.8815	151.2415	24.248854
1002682	-33.8815	151.2415	47.144062
1002714	35.7395	51.3775	57.990431
1002714	35.7395	51.3775	57.675466
1002749	43.7115	3.9995	8.619962
1002749	43.7115	3.9995	9.791124
1002774	49.6895	12.1505	24.491836
1002774	49.6895	12.1505	22.757827
1002921	45.3275	9.2085	1.610784
1002921	45.3275	9.2085	4.360284
1003025	38.6295	-9.2115	12.839654
1003025	38.6295	-9.2115	12.117156
1003184	39.0195	-77.4485	0.71359
1003184	39.0195	-77.4485	0.662047
1003386	39.9605	-82.9985	9.772468
1003386	39.9605	-82.9985	9.741615
1003644	46.8895	7.4995	7.920298
1003644	46.8895	7.4995	7.832224
1003682	10.7685	106.7515	30.083636
1003682	10.7685	106.7515	30.047211
1003829	8.9915	-79.5115	48.595954
1003829	8.9915	-79.5115	48.331143
1003894	-33.8705	151.2015	1.228557
1003894	-33.8705	151.2015	0.341991
1003896	43.6505	-79.3585	1.856916
1003896	43.6505	-79.3585	1.176503
1003910	52.3775	4.8975	3.807754
1003910	52.3775	4.8975	3.553402
1003940	37.2375	-121.7905	0.746214
1003940	37.2375	-121.7905	0.794696
1003988	59.3315	18.0715	4.753413
1003988	59.3315	18.0715	4.761527
1004007	54.9005	23.8875	1.992596
1004007	54.9005	23.8875	1.824816
1004013	47.4385	0.6975	4.113175
1004013	47.4385	0.6975	4.120339
1004034	50.1195	8.6785	1.674061
1004034	50.1195	8.6785	0.781268
1004081	0.9975	38.0015	61.465531
1004081	0.9975	38.0015	61.438488
1004134	23.7295	92.7185	34.547296
1004134	23.7295	92.7185	34.5466
1004169	51.3015	-0.7495	4.620386
1004169	51.3015	-0.7495	3.832709
1004208	39.2615	-94.7025	0.527053
1004208	39.2615	-94.7025	0.441685
1004236	8.5505	-79.9115	49.64633
1004236	8.5505	-79.9115	49.628292
1004239	48.9815	8.4485	15.482433
1004239	48.9815	8.4485	15.875556
1004297	8.9705	-79.5285	55.579476
1004297	8.9705	-79.5285	55.405774
1004327	34.7705	113.7185	211.015707
1004334	34.7695	113.7185	228.133372
1004422	48.8285	2.4085	2.684
1004422	48.8285	2.4085	2.1675
1004496	41.0305	-88.3085	11.403467
1004496	41.0305	-88.3085	11.583459
1004594	35.6095	140.1115	10.424256
1004594	35.6095	140.1115	6.293391
1004676	45.3205	9.2105	7.643645
1004676	45.3205	9.2105	7.517805
1004698	37.5515	-121.9885	0.57474
1004698	37.5515	-121.9885	0.403253
1004792	-23.5315	-46.6385	1.033885
1004792	-23.5315	-46.6385	0.997685
1004836	8.9605	-82.1815	45.746218
1004836	8.9605	-82.1815	45.364447
1004912	54.0485	13.7675	9.835855
1004912	54.0485	13.7675	10.470751
1004917	52.2605	10.5475	15.816418
1004917	52.2605	10.5475	15.899394
1005023	39.0385	-77.4915	0.793097
1005023	39.0385	-77.4915	0.663863
1005028	51.5415	-0.6715	1.295566
1005028	51.5415	-0.6715	1.214452
1005088	49.4515	11.0815	4.646936
1005088	49.4515	11.0815	4.163082
1005104	52.1695	6.1375	9.583482
1005104	52.1695	6.1375	9.303176
1005124	48.2095	16.3685	10.674168
1005124	48.2095	16.3685	10.61001
1005229	52.3515	4.9585	2.657655
1005229	52.3515	4.9585	1.418271
1005255	42.1095	14.7095	20.070047
1005255	42.1095	14.7095	20.381798
1005262	34.7685	113.7205	215.155314
1005281	1.3775	103.7515	3.348273
1005281	1.3775	103.7515	3.195537
1005328	43.0315	44.6685	48.700764
1005328	43.0315	44.6685	53.107709
1005338	56.3315	43.9985	8.585026
1005338	56.3315	43.9985	8.026323
10502	50.1185	8.6775	3.721306
10502	50.1185	8.6775	1.198091
11003	48.4485	22.7075	18.059265
11003	48.4485	22.7075	18.543626
11020	59.8475	30.3885	4.872857
11020	59.8475	30.3885	4.812993
11054	60.0995	30.2895	2.73886
11054	60.0995	30.2895	1.849791
11254	47.0695	15.4395	3.8724
11254	47.0695	15.4395	3.82141
11616	50.1405	8.7375	0.99643
11616	50.1405	8.7375	0.832395
11623	40.1785	44.5185	1.639969
11623	40.1785	44.5185	1.636554
11691	-21.1825	-175.2185	46.375566
11691	-21.1825	-175.2185	46.198385
11952	50.9385	11.5595	22.880392
11952	50.9385	11.5595	22.397201
11978	19.0015	72.8305	6.112995
11978	19.0015	72.8305	6.068695
12174	53.4795	-2.2495	1.301814
12174	53.4795	-2.2495	0.559219
12356	51.7505	-1.2605	3.823032
12356	51.7505	-1.2605	3.711231
12771	50.9975	5.8505	3.981326
12771	50.9975	5.8505	3.830475
12984	37.8795	-122.5185	6.621407
12984	37.8795	-122.5185	6.638887
13295	55.4195	10.3215	3.386054
13295	55.4195	10.3215	5.086422
13339	53.4215	-7.9215	32.49097
13339	53.4215	-7.9215	33.895905
13413	48.8685	2.2175	3.768851
13413	48.8685	2.2175	2.454253
13593	46.3085	16.3415	1.913584
13593	46.3085	16.3415	1.823914
13771	-1.2925	36.8205	13.025633
13771	-1.2925	36.8205	12.867833
14015	55.0395	82.9375	44.677738
14015	55.0395	82.9375	45.599073
14730	55.8475	37.5185	18.629551
14730	55.8475	37.5185	3.710447
15324	51.1495	2.9385	21.367058
15324	51.1495	2.9385	12.583536
16066	51.8505	6.6305	16.617312
16066	51.8505	6.6305	16.225634
16611	47.4975	19.0375	26.098463
16611	47.4975	19.0375	25.905659
17946	40.3805	-77.8805	39.98888
17946	40.3805	-77.8805	31.982018
18165	45.2595	19.8005	9.624916
18165	45.2595	19.8005	9.034727
18798	52.2815	4.7515	9.11915
18798	52.2815	4.7515	8.98698
18857	42.3605	-71.0605	3.655819
18857	42.3605	-71.0605	3.199194
19474	49.4995	11.2805	4.247819
19474	49.4995	11.2805	4.197254
19703	50.8785	4.5075	24.830212
19703	50.8785	4.5075	24.829848
19806	48.4805	9.1875	3.374553
19806	48.4805	9.1875	3.308497
19856	47.0605	2.4095	6.177109
19856	47.0605	2.4095	5.611553
20214	48.7795	7.5275	24.038792
20214	48.7795	7.5275	24.322336
20418	42.5815	-71.0625	8.545884
20418	42.5815	-71.0625	7.503558
20471	51.2175	6.9405	7.973294
20471	51.2175	6.9405	7.850897
21658	47.1415	8.5695	14.176825
21658	47.1415	8.5695	14.604318
21783	41.3185	19.8215	11.809782
21783	41.3185	19.8215	11.432567
21799	45.0415	38.9915	32.117498
21799	45.0415	38.9915	32.048867
22029	55.7015	12.5885	13.23332
22029	55.7015	12.5885	12.611707
22247	46.3205	6.9595	17.700767
22247	46.3205	6.9595	17.723854
22991	54.3475	18.6515	6.404602
22991	54.3475	18.6515	6.307942
23067	45.8305	8.7905	8.471028
23067	45.8305	8.7905	8.357643
23279	62.7415	22.8805	12.75863
23279	62.7415	22.8805	17.236595
23886	47.5405	2.9915	15.006089
23886	47.5405	2.9915	14.654401
24449	48.1615	17.1495	5.34414
24449	48.1615	17.1495	5.33173
24742	-38.1815	146.2495	27.558236
24742	-38.1815	146.2495	39.945858
24855	57.7795	14.1195	7.592487
24855	57.7795	14.1195	7.826919
25200	-33.9525	18.8475	20.63089
25200	-33.9525	18.8475	50.997121
25354	55.7595	37.6195	19.18472
25354	55.7595	37.6195	19.196619
25791	37.2875	49.5715	752.282099
25791	37.2875	49.5715	795.697776
25965	46.5595	15.6405	8.754057
25965	46.5595	15.6405	10.542255
26023	52.3385	5.2185	13.83636
26023	52.3385	5.2185	13.05784
26440	63.7575	-68.5405	629.946366
26440	63.7575	-68.5405	706.076865
26821	48.7375	9.2685	15.30517
26821	48.7375	9.2685	14.788093
27040	40.9575	14.2195	12.442748
27040	40.9575	14.2195	11.579266
28265	48.1895	11.5805	25.3892
28265	48.1895	11.5805	24.810931
28272	52.5285	13.3805	46.385465
28272	52.5285	13.3805	1.440188
28362	60.1685	24.9305	21.410564
28362	60.1685	24.9305	17.268533
28386	45.1305	11.8915	54.398533
28386	45.1305	11.8915	54.087577
28708	-20.7885	-49.3625	11.914668
28708	-20.7885	-49.3625	11.636024
28856	52.2705	6.1595	5.021482
28856	52.2705	6.1595	4.927117
28930	48.7775	2.0685	4.597436
28930	48.7775	2.0685	8.692133
30109	47.4815	8.4575	32.009623
30109	47.4815	8.4575	21.967611
30219	-37.7385	175.2575	5.083476
30219	-37.7385	175.2575	4.752686
31489	50.0315	21.9815	33.558282
31489	50.0315	21.9815	26.769334
31674	51.1095	17.0405	5.190899
31674	51.1095	17.0405	5.105559
31779	48.0015	7.8505	50.16365
31779	48.0015	7.8505	7.8036
31853	47.4385	-0.5205	11.03296
31853	47.4385	-0.5205	10.611014
32496	53.4905	-2.3385	13.628162
32496	53.4905	-2.3385	13.876213
32512	39.5085	-76.4125	11.116277
32512	39.5085	-76.4125	10.348209
32560	50.7975	3.2805	13.173242
32560	50.7975	3.2805	12.663557
32610	53.2475	10.4275	17.144415
32610	53.2475	10.4275	17.066441
32626	41.3905	2.1085	3.881028
32626	41.3905	2.1085	0.537965
32690	50.1475	8.5515	15.954505
32690	50.1475	8.5515	13.810204
33094	43.8595	-70.0985	14.836815
33094	43.8595	-70.0985	15.642885
33421	53.3375	14.9985	20.52715
33421	53.3375	14.9985	20.86914
33442	52.1385	11.6495	7.94685
33442	52.1385	11.6495	7.968775
33630	40.1775	44.4985	4.434275
33630	40.1775	44.4985	3.453313
34541	50.5475	5.0895	13.910171
34541	50.5475	5.0895	13.798995
34940	50.0775	19.9495	8.253616
34940	50.0775	19.9495	8.018403
35316	31.9505	35.9275	69.011125
35316	31.9505	35.9275	70.06708
4502	50.4585	30.6275	8.050945
4502	50.4585	30.6275	2.429953
50025	53.5495	10.0485	1.385333
50025	53.5495	10.0485	0.837416
50181	42.3275	-83.4785	25.540375
50181	42.3275	-83.4785	21.068417
50255	38.4995	43.3895	38.451417
50255	38.4995	43.3895	67.923251
50285	41.9195	12.3615	3.66525
50285	41.9195	12.3615	3.234875
50387	50.0705	14.4615	3.904958
50387	50.0705	14.4615	0.910875
50409	53.9415	27.6675	14.857667
50409	53.9415	27.6675	14.659625
50516	43.5905	1.4275	13.360375
50516	43.5905	1.4275	12.93325
50604	37.6495	12.5975	20.7565
50604	37.6495	12.5975	20.170042
50611	48.4475	22.7075	27.227334
50611	48.4475	22.7075	19.219125
50644	47.5195	19.0595	1.12375
50644	47.5195	19.0595	0.756625
50674	58.3495	26.7305	9.827625
50674	58.3495	26.7305	22.269125
50738	64.3215	29.0785	13.828125
50738	64.3215	29.0785	13.142625
50747	49.6705	8.5495	15.290833
50747	49.6705	8.5495	14.136
50774	38.5595	-121.4795	8.484541
50774	38.5595	-121.4795	7.939416
50783	48.7685	2.0415	4.635
50783	48.7685	2.0415	4.169583
50794	45.9495	6.1115	9.128333
50794	45.9495	6.1115	8.506084
50991	35.9075	14.4315	33.050042
50991	35.9075	14.4315	27.160834
51022	51.4885	6.8685	3.441209
51022	51.4885	6.8685	3.109125
51099	64.4215	29.0315	13.3865
51099	64.4215	29.0315	13.188458
51167	47.0105	0.0805	11.353292
51167	47.0105	0.0805	11.089875
51187	41.8205	-71.4085	8.0825
51187	41.8205	-71.4085	7.527917
51246	59.9305	10.7395	9.304041
51246	59.9305	10.7395	9.537083
51308	49.4715	8.5475	18.649459
51308	49.4715	8.5475	12.069917
51331	38.9475	-77.3615	1.733209
51331	38.9475	-77.3615	1.657791
51545	51.4495	-3.1805	8.570542
51545	51.4495	-3.1805	8.373666
51671	46.9575	-114.1195	37.583208
51671	46.9575	-114.1195	36.991917
52003	9.0085	-79.5025	46.442042
52003	9.0085	-79.5025	45.845958
52100	49.1675	-122.6325	7.716333
52100	49.1675	-122.6325	7.203791
52177	38.4005	-98.0095	7.105458
52177	38.4005	-98.0095	5.906791
52188	42.7415	-84.5485	15.740583
52188	42.7415	-84.5485	17.430417
52391	43.1075	-89.3485	7.563083
52391	43.1075	-89.3485	6.758042
52393	51.5785	-0.1185	4.454792
52393	51.5785	-0.1185	3.9435
52416	43.7905	7.6075	13.608208
52416	43.7905	7.6075	13.49225
52502	55.7385	12.4575	11.889625
52502	55.7385	12.4575	11.903292
52511	28.6775	-17.7725	29.441375
52511	28.6775	-17.7725	29.087833
52517	63.3705	25.5775	11.070792
52517	63.3705	25.5775	10.551959
52543	47.9985	16.2295	33.110375
52543	47.9985	16.2295	204.699125
52594	-6.4405	106.9015	4.062542
52594	-6.4405	106.9015	0.977416
52645	36.7295	-87.5705	18.467958
52645	36.7295	-87.5705	18.140125
52710	16.2175	-61.5925	165.954875
52710	16.2175	-61.5925	165.865167
52811	50.9275	6.2575	5.878416
52811	50.9275	6.2575	3.312583
52821	47.9375	12.9385	21.825791
52821	47.9375	12.9385	20.601167
52846	52.5105	13.3195	12.762167
52846	52.5105	13.3195	12.18975
52983	53.5685	9.9615	6.766542
52983	53.5685	9.9615	5.997541
53016	48.5305	-71.6525	15.285292
53016	48.5305	-71.6525	11.336375
53073	44.7185	-93.2895	21.960458
53073	44.7185	-93.2895	21.783208
53132	47.9785	-4.1215	20.677458
53132	47.9785	-4.1215	20.415458
53208	46.6115	13.8475	7.999584
53208	46.6115	13.8475	7.774125
53256	56.6505	23.7195	2.510291
53256	56.6505	23.7195	1.84925
53265	49.0095	8.4005	24.329542
53265	49.0095	8.4005	23.131417
53337	50.7705	6.0685	25.794458
53337	50.7705	6.0685	15.90325
53466	51.5305	-2.5895	9.697833
53466	51.5305	-2.5895	9.354209
53790	46.3775	16.4515	6.010584
53790	46.3775	16.4515	5.243208
53793	45.6685	14.2915	18.580917
53793	45.6685	14.2915	12.717875
53857	48.4405	22.7295	15.566834
53857	48.4405	22.7295	15.126084
53873	43.0585	11.6105	8.7065
53873	43.0585	11.6105	8.175541
53937	52.2705	104.3385	73.893958
53937	52.2705	104.3385	68.325959
53960	56.3475	43.9305	7.657709
53960	56.3475	43.9305	7.255458
54020	28.6075	77.0885	4.676875
54020	28.6075	77.0885	4.1815
54215	40.2395	-76.7925	9.659041
54215	40.2395	-76.7925	9.466458
54228	59.9315	30.3585	2.549958
54228	59.9315	30.3585	2.190084
54262	56.9485	24.1105	3.969042
54262	56.9485	24.1105	1.595
54289	45.8315	3.1215	7.551209
54289	45.8315	3.1215	7.208625
54324	40.2995	-74.3615	5.061417
54324	40.2995	-74.3615	6.175875
54343	41.7285	-81.2405	8.862792
54343	41.7285	-81.2405	8.332542
54373	40.5985	15.7205	30.627
54373	40.5985	15.7205	30.328
54401	51.1375	16.9775	9.855083
54401	51.1375	16.9775	9.665292
54620	9.2175	76.7985	28.255458
54620	9.2175	76.7985	27.432417
54869	45.0115	8.6405	18.858458
54869	45.0115	8.6405	19.448167
54945	39.0395	-77.4905	6.11925
54945	39.0395	-77.4905	5.30825
54962	53.4985	-1.0895	12.325833
54962	53.4985	-1.0895	11.53675
55052	50.2485	18.9995	7.066834
55052	50.2485	18.9995	6.692625
55061	48.5275	35.8705	24.622
55061	48.5275	35.8705	23.822459
55147	45.5505	-122.8705	2.616959
55147	45.5505	-122.8705	3.338166
55193	54.1885	45.2615	10.538458
55193	54.1885	45.2615	9.886708
55227	43.1705	10.5585	27.802917
55227	43.1705	10.5585	26.804541
55330	34.6875	-118.1515	7.623
55330	34.6875	-118.1515	5.775667
55389	37.8715	-122.2685	4.154125
55389	37.8715	-122.2685	3.858125
55495	48.1395	15.2715	29.81625
55495	48.1395	15.2715	28.23575
55597	55.7405	37.5615	31.516375
55597	55.7405	37.5615	31.039292
55642	60.7885	11.0595	3.878
55642	60.7885	11.0595	3.4455
60128	40.1215	-88.2415	13.761356
60128	40.1215	-88.2415	15.166998
60131	36.8575	42.9885	4.781102
60131	36.8575	42.9885	3.429371
60194	39.7495	-75.3085	19.204526
60194	39.7495	-75.3085	19.332298
60200	52.1675	6.1375	18.637995
60200	52.1675	6.1375	18.305006
60218	40.0915	-75.1525	5.402738
60218	40.0915	-75.1525	6.621811
60224	54.8995	23.8885	8.259089
60224	54.8995	23.8885	6.262743
60301	48.7975	2.5075	4.40946
60301	48.7975	2.5075	4.358656
60370	35.5475	-80.9395	17.844414
60370	35.5475	-80.9395	21.663337
60462	40.0685	-88.2495	7.106577
60462	40.0685	-88.2495	7.199386
60464	28.1195	-15.4295	26.186416
60464	28.1195	-15.4295	25.692529
60551	44.7475	20.4895	13.264347
60551	44.7475	20.4895	13.376119
60605	41.9495	-88.2525	63.022637
60605	41.9495	-88.2525	29.262473
60623	-8.0315	-34.9115	55.373469
60623	-8.0315	-34.9115	55.227781
60658	50.7815	6.1595	9.614926
60658	50.7815	6.1595	8.049975
60692	43.9585	0.6915	16.270557
60692	43.9585	0.6915	15.888202
60750	49.8475	6.1195	12.386635
60750	49.8475	6.1195	11.28885
60814	52.4795	4.6475	4.709108
60814	52.4795	4.6475	4.650141
60850	-4.3025	15.3095	53.8777
60850	-4.3025	15.3095	53.201959
60910	42.4375	-76.5325	32.333781
60910	42.4375	-76.5325	26.561089
60912	-33.8715	151.2075	3.665533
60912	-33.8715	151.2075	3.554084
60986	41.1305	-8.6485	8.99333
60986	41.1305	-8.6485	9.041574
61056	-32.9995	-71.2705	6.391091
61056	-32.9995	-71.2705	5.931847
61218	35.9615	14.3575	34.125031
61218	35.9615	14.3575	30.77487
61223	33.6785	73.0485	4.181525
61223	33.6785	73.0485	3.725977
61281	51.3975	-0.2485	9.119386
61281	51.3975	-0.2485	9.200754
61293	38.8885	-77.4385	5.631341
61293	38.8885	-77.4385	6.096425
61352	47.7285	-117.3905	25.683996
61352	47.7285	-117.3905	24.686032
61544	48.8295	2.4095	3.60328
61544	48.8295	2.4095	3.1284
61617	10.6605	-71.6225	32.398906
61617	10.6605	-71.6225	32.057355
61846	37.9805	-87.6105	15.894157
61846	37.9805	-87.6105	15.744544
61915	45.5495	-122.6825	6.808967
61915	45.5495	-122.6825	6.940499
61942	50.8485	-1.1905	17.567482
61942	50.8485	-1.1905	18.617336
61985	44.4595	3.1915	12.125121
61985	44.4595	3.1915	10.995569
62034	37.7195	-122.1515	9.260694
62034	37.7195	-122.1515	8.083355
62037	37.0505	-76.4015	10.383243
62037	37.0505	-76.4015	10.5599
62058	43.7115	-79.3805	3.632245
62058	43.7115	-79.3805	4.461759
62093	48.8385	2.1615	9.904847
62093	48.8385	2.1615	10.308004
62177	40.4105	49.8705	86.45972
62177	40.4105	49.8705	86.124167
62188	1.3515	103.8215	42.598461
62188	1.3515	103.8215	42.363078
62234	-37.8605	145.0085	9.525672
62234	-37.8605	145.0085	17.389269
62264	-20.8805	55.4505	3.275647
62264	-20.8805	55.4505	3.539831
62341	50.4275	4.4795	5.86056
62341	50.4275	4.4795	6.185071
62388	26.4415	50.1115	11.273033
62388	26.4415	50.1115	10.434391
62422	50.3285	8.5485	14.763718
62422	50.3285	8.5485	20.240957
62488	46.0215	8.9615	16.106102
62488	46.0215	8.9615	16.223714
62519	49.5315	0.8675	4.730295
62519	49.5315	0.8675	12.744747
62525	53.6095	-6.2115	14.210991
62525	53.6095	-6.2115	14.268037
62534	51.4895	-2.7615	7.029954
62534	51.4895	-2.7615	6.549988
62583	30.2685	-97.7285	10.007198
62583	30.2685	-97.7285	10.192335
62626	-8.6595	115.1685	1.23164
62626	-8.6595	115.1685	0.971854
62660	32.9175	-117.1395	15.866472
62660	32.9175	-117.1395	15.85287
62692	52.1585	-0.7085	5.332753
62692	52.1585	-0.7085	4.955918
62716	-34.9795	-71.2425	5.479869
62716	-34.9795	-71.2425	5.504431
62748	37.9815	23.7595	23.429146
62748	37.9815	23.7595	23.335777
62754	37.5095	-122.2805	5.442275
62754	37.5095	-122.2805	4.927667
62760	49.9875	14.7505	2.652727
62760	49.9875	14.7505	2.013548
62779	61.4515	23.9005	4.173463
62779	61.4515	23.9005	3.679593
62924	-34.0305	151.0685	3.60521
62924	-34.0305	151.0685	4.334877
62940	37.3375	-121.8905	13.319013
62940	37.3375	-121.8905	13.171639
62967	39.0605	-77.3995	11.025868
62967	39.0605	-77.3995	9.544647
63037	19.1405	73.0085	2.446878
63037	19.1405	73.0085	2.281422
63047	43.2605	-2.9305	17.427504
63047	43.2605	-2.9305	16.870252
63060	52.3375	9.8305	14.183698
63060	52.3375	9.8305	11.256933
63075	10.6395	-71.6095	46.002531
63075	10.6395	-71.6095	45.918759
6380	5.5975	-0.1885	176.616569
6380	5.5975	-0.1885	176.589882
6578	-20.2385	57.4805	56.772003
6578	-20.2385	57.4805	42.062981
6876	49.9705	23.1505	7.768154
6876	49.9705	23.1505	7.648133
7021	52.9875	-1.1715	6.227494
7021	52.9875	-1.1715	6.310491
