#hostname	latitude	longitude
6002	59.9385	10.8375
6006	50.0805	14.4375
6045	37.4395	-122.1405
10105	52.3495	4.9175
10241	50.4475	30.5195
10871	-23.6025	-46.6895
11598	41.3515	2.1415
12195	6.4295	3.4415
12219	38.7815	-9.1225
17684	55.8195	37.5215
17906	42.4405	19.2375
6004	48.8595	2.3775
6011	45.0875	7.6575
6053	-26.1415	28.0095
13353	50.0985	8.6395
10366	40.7605	-74.0295
10509	22.4015	114.1075
10697	33.7805	-84.3785
12148	23.7515	90.3795
12453	3.1485	101.7095
12650	41.8775	-87.6305
6055	-27.4705	153.0295
13876	40.4505	-3.5695
13330	45.4175	-75.7015
12845	-33.6405	-70.6905
10444	43.6495	-79.3805
16456	37.3205	127.0995
10243	-6.8415	39.2395
1147	9.9305	-84.0705
303	24.8485	67.0275
3739	34.7315	135.7285
220	-6.2725	106.8085
93	-37.7915	175.3215
12609	39.8815	-105.1025
6049	59.3315	18.0595
10024	51.5095	-0.6015
10609	40.1815	44.5275
10675	38.9095	-77.4695
11734	-31.9505	115.8585
13001	59.4375	24.7075
13034	44.4195	26.0485
13243	-30.0315	-51.2305
13964	26.2195	50.5805
6033	35.6885	139.6885
17559	-41.2085	174.8095
253	-1.9415	30.0895
1028	27.7115	85.3185
14338	13.7915	100.6185
145	65.8595	23.1495
3155	14.5495	121.0395
288	26.3615	-80.0785
3322	-15.3815	166.9585
6026	37.9905	23.7285
6032	64.1385	-21.9015
11592	47.5585	19.0315
13910	55.0175	82.9175
12904	52.1295	21.0575
3029	25.1915	55.2685
12605	49.9895	36.2175
14445	50.3995	80.2595
17833	34.0485	-118.2615
6014	53.5495	10.0475
14720	21.2975	-157.8215
17809	49.2815	-123.1325
6007	53.3505	-6.2625
6051	36.7975	10.1595
12727	7.5405	-5.5515
13811	-33.9325	18.8675
15964	33.8995	35.4805
6054	-34.8805	-56.1805
11555	41.0695	28.9995
12405	-38.1605	145.9375
1287	23.6105	58.5915
301	-22.2725	166.4575
329	13.5115	144.8185
2123	-33.9015	151.1985
12811	-15.7925	-47.8825
12805	4.5995	-74.0825
10619	57.1515	-2.0925
3659	40.4315	49.8695
16046	46.3905	30.7395
12207	-29.7295	31.0875
11634	37.1195	-113.6215
14437	51.1705	71.4285
13257	46.0305	14.4995
16445	-29.0005	23.9995
2061	45.0275	38.9205
10905	32.2195	-110.9325
15799	-42.9885	147.3015
17606	-23.0095	-43.3125
15232	37.9985	-97.0015
3646	44.0505	-123.0905
6066	32.8005	-96.8195
16753	-17.7715	31.0295
4368	51.0815	-114.0195
13799	-18.6685	35.5315
15535	31.9995	52.9985
2526	39.6305	32.7985
4153	-33.3115	26.5195
2895	39.7295	140.0715
3168	67.2815	14.4005
13176	-32.1795	-64.1095
10821	43.2175	76.8585
15263	19.4385	-99.1995
3932	45.6685	-111.0515
1070	10.7975	106.6505
13755	-12.8205	28.2195
15330	-2.9225	-79.0215
2601	12.3775	-1.5025
4602	46.7285	-117.0025
10398	38.0015	-89.9985
14833	31.0485	121.3985
17658	60.0015	99.9995
3332	51.5085	64.0485
12093	49.7985	-97.1485
13269	-21.1685	27.5005
13560	53.2175	50.1705
15102	-34.8815	138.6575
16191	35.1075	-106.6085
17309	-20.8685	55.4475
2345	42.3195	69.5895
12385	-22.5705	17.1015
17533	41.0885	14.3085
4695	37.3195	40.7215
3466	61.2005	-149.8795
12783	17.9985	-76.7885
16886	58.3805	45.5115
3639	21.0315	105.8485
4842	78.2185	15.6195
11332	58.0085	56.2485
10637	41.1805	-111.9115
10369	30.4515	-91.1195
12344	33.9695	-6.8705
13202	44.9685	-93.2625
16030	50.4175	-104.6215
10244	48.7095	44.5195
2249	47.1115	51.9295
15030	69.0575	33.4085
73	57.1485	65.5205
1042	4.1785	73.5095
12848	-53.1485	-70.9205
11343	44.6685	45.6495
13260	13.4375	-15.3095
2810	19.4575	-70.7125
100	12.0975	-68.9125
2560	48.4175	-89.2695
3550	-38.9525	-68.1005
12320	29.6475	-82.3215
12804	14.6695	-90.5025
11116	61.0905	72.6275
14513	30.5985	104.0375
12168	0.3215	32.5805
11061	63.5775	53.6805
16010	43.9675	-99.9025
13237	-12.0495	-77.0615
15443	36.4185	54.9695
4893	35.5585	45.4115
11325	52.5395	103.8985
17620	44.6175	-63.6015
4096	15.5605	32.5415
4720	16.9975	96.0885
3419	64.5415	39.7975
16490	6.3075	-10.7985
470	-4.6325	55.4505
13801	-14.2125	-38.9925
13136	0.3905	9.4485
13732	8.9885	38.7885
1140	47.5175	-52.7905
17762	16.2385	-61.5795
184	62.0195	-6.7685
4919	33.6915	72.9975
15238	11.5015	42.9985
10287	56.0005	92.7815
4000	48.4775	135.0675
12471	-8.8425	13.2305
10939	28.0715	-15.4515
3719	43.0915	131.8875
12035	19.3195	-81.2415
13930	46.9375	142.7285
15840	18.5575	73.9095
17461	10.6375	-61.3995
4920	47.9175	106.9085
15655	4.9395	-52.3405
2235	32.8595	13.1085
14778	7.9815	98.3605
16170	-18.7125	46.8305
4078	-1.2585	36.6905
10450	25.7675	-100.4005
11694	28.4595	77.0815
13602	20.5885	78.9575
13558	12.9715	77.5895
17973	5.9985	12.0005
14938	4.8615	31.6085
1087	-6.7195	146.9915
12567	63.7505	-68.5195
